steps,time,reward,delta,converged
1,0.0003159999998842977,-0.5025,0.1,False
2,0.0004720000001725566,-0.20400000000000001,0.1,False
3,0.00040300000000570435,-0.25375,0.1,False
4,0.0009130000000823202,-0.08791666666666666,0.09000000000000001,False
5,0.00025699999991957156,-0.25375,0.0999035,False
6,0.0005220000000463187,-0.129375,0.08100000000000002,False
7,0.00048600000013721,-0.129375,0.09995000000000001,False
8,0.0008250000000771252,-0.07607142857142857,0.1,False
9,0.0009459999998853164,-0.0671875,0.091797134813,False
10,0.0006590000000414875,-0.09545454545454546,0.0729,False
11,0.00025300000015704427,-0.25375,0.1,False
12,0.00030999999989944627,-0.20400000000000001,0.0999035,False
13,0.0009250000000520231,-0.08791666666666666,0.1,False
14,0.0014389999998911662,-0.08791666666666666,0.09000000000000001,False
15,0.0006960000000617583,-0.33666666666666667,0.09000000000000001,False
16,0.0026000000000294676,-0.14714285714285716,0.08261742133170001,False
17,0.0008830000001580629,-0.08153846153846155,0.09994715,False
18,0.0002470000001721928,-0.25375,0.07435567919852999,False
19,0.0004369999999198626,-0.14714285714285716,0.09000000000000001,False
20,0.0001990000000660075,-0.33666666666666667,0.09973175421500001,False
21,0.0007539999999153224,-0.09545454545454546,0.06899493500000001,False
22,0.0026290000000699365,0.07875,0.1,False
23,0.0006220000000212167,-0.11555555555555556,0.066920111278677,False
24,0.001050000000077489,-0.07607142857142857,0.089952435,False
25,0.0010600000000522414,-0.06352941176470589,0.08995500000000001,False
26,0.00014399999986380863,-0.5025,0.099657036217385,False
27,0.00189900000009402,-0.041851851851851855,0.060228100150809295,False
28,0.0007180000000062137,-0.08791666666666666,0.08284584693500001,False
29,0.000197000000071057,-0.33666666666666667,0.07456126224149999,False
30,0.0005410000001120352,-0.11555555555555556,0.1,False
31,0.0011150000000270666,-0.08153846153846155,0.062095441499999994,False
32,0.0003609999998843705,-0.25375,0.08100000000000002,False
33,0.0036170000000765867,0.04068181818181818,0.09000000000000001,False
34,0.0004779999999300344,-0.1708333333333333,0.09308885183794596,False
35,0.00014199999986885814,-0.5025,0.09947212133758722,False
36,0.00013799999987895717,-0.5025,0.08377996665415138,False
37,0.0003699999999753345,-0.1708333333333333,0.05420529013572837,False
38,0.0033180000000356813,-0.040535714285714286,0.09989462561994705,False
39,0.00033699999994496466,-0.33666666666666667,0.04878476112215553,False
40,0.00044299999990471406,-0.1708333333333333,0.07323563863757099,False
41,0.0006539999999404245,-0.09545454545454546,0.06591207477381389,False
42,0.00012900000001536682,-0.5025,0.043906285009939976,False
43,0.00034800000003087916,-0.1708333333333333,0.05588589734999999,False
44,0.0006229999999050051,-0.09545454545454546,0.045495190706751766,False
45,0.0005120000000715663,-0.11555555555555556,0.04094567163607659,False
46,0.0008989999998902931,0.07875,0.1,False
47,0.001146000000062486,0.04525,0.08417384445000001,False
48,0.0006710000000111904,-0.08791666666666666,0.08285000000000001,False
49,0.000831999999945765,-0.07133333333333333,0.063319916832754,False
50,0.0013830000000325526,0.04068181818181818,0.07575646000500001,False
51,0.0006789999999909924,-0.08791666666666666,0.04310995382617198,False
52,0.0015570000000479922,0.03365384615384615,0.07335241044987661,False
53,0.00041699999997035775,-0.25375,0.05698792514947859,False
54,0.0008239999999659631,-0.08153846153846155,0.051289132634530735,False
55,0.0008700000000771979,-0.07133333333333333,0.09964138127451813,False
56,0.0003469999999197171,-0.1708333333333333,0.03879895844355478,False
57,0.0009900000000016007,-0.06027777777777778,0.1,False
58,0.0009430000000065775,-0.1045,0.04717407041433361,False
59,0.0005369999998947605,-0.11555555555555556,0.0809595,False
60,0.0008020000000215077,-0.08153846153846155,0.042456663372900244,False
61,0.0001850000001013541,-0.33666666666666667,0.03821099703561022,False
62,0.00029400000016721606,-0.20400000000000001,0.08967724314706632,False
63,0.00045499999987441697,-0.129375,0.08070951883235969,False
64,0.0005629999998291169,-0.1045,0.09738207577907909,False
65,0.0005079999998542917,0.10666666666666666,0.06601716940488896,False
66,0.0005300000000261207,-0.129375,0.03438989733204919,False
67,0.00040300000000570435,-0.14714285714285716,0.03095090759884427,False
68,0.0007820000000720029,-0.07607142857142857,0.05626238663377834,False
69,0.00024099999995996768,-0.25375,0.0506361479704005,False
70,0.00045799999998052954,-0.129375,0.09589278690587343,False
71,0.0006200000000262662,0.08636363636363636,0.09105,False
72,0.0006249999998999556,-0.09545454545454546,0.045572533173360456,False
73,0.0022629999998571293,0.020124999999999997,0.059415452464400054,False
74,0.0001310000000103173,-0.5025,0.0350096764726168,False
75,0.0019959999999628053,-0.03426470588235294,0.04101527985602441,False
76,0.0006190000001424778,-0.1045,0.09152,False
77,0.00045999999997548,-0.129375,0.03691375187042197,False
78,0.00023799999985385512,-0.25375,0.05520701817105294,False
79,0.00012799999990420474,-0.5025,0.03150870882535513,False
80,0.000293000000056054,-0.20400000000000001,0.033222376683379774,False
81,0.001159000000143351,-0.05238095238095238,0.09241321753839285,False
82,0.00045500000010179065,-0.129375,0.029900139015041793,False
83,0.0003430000001571898,-0.1708333333333333,0.09951282222821273,False
84,0.0003990000000158034,-0.14714285714285716,0.02835783794281961,False
85,0.0001830000001064036,-0.33666666666666667,0.025522054148537643,False
86,0.00040199999989454227,-0.14714285714285716,0.02691012511353761,False
87,0.0001830000001064036,-0.33666666666666667,0.022969848733683886,False
88,0.0006180000000313157,-0.09545454545454546,0.09634107271117781,False
89,0.0006159999998089916,-0.09545454545454546,0.020672863860315496,False
90,0.0005089999999654538,-0.11555555555555556,0.02667378631241466,False
91,0.0007219999999961146,-0.08153846153846155,0.024006407681173195,False
92,0.0005060000000867149,-0.11555555555555556,0.10652624707628322,False
93,0.0017510000000129367,-0.03609375,0.091620839226704,False
94,0.0017670000001999142,-0.03609375,0.09142059263850878,False
95,0.0008769999999458378,-0.07607142857142857,0.10012341736195739,False
96,0.0018430000000080327,-0.035151515151515156,0.0755169479897698,False
97,0.001782000000048356,-0.03609375,0.02937390452929034,False
98,0.00045399999999062857,-0.129375,0.09692573925599533,False
99,0.0005029999999806023,-0.11555555555555556,0.09327117752044956,False
100,0.0002899999999499414,-0.20400000000000001,0.08990516305795235,False
101,0.002443000000084794,-0.027111111111111117,0.04968631635394765,False
102,0.0007780000000821019,-0.07607142857142857,0.0729,False
103,0.0006689999997888663,-0.08791666666666666,0.038489701527070735,False
104,0.001314000000093074,0.03869565217391304,0.057980729083875554,False
105,0.00292000000013104,-0.02342592592592593,0.03372791101673857,False
106,0.0003990000000158034,-0.14714285714285716,0.03035511991506471,False
107,0.000559999999950378,0.0955,0.0570223358067816,False
108,0.0029130000000350265,-0.024134615384615386,0.03464073137436365,False
109,0.00012900000001536682,-0.5025,0.031176658236927293,False
110,0.000490000000127111,-0.129375,0.028058992413234563,False
111,0.00013600000011138036,-0.5025,0.025253093171911115,False
112,0.00023599999985890463,-0.25375,0.09942912844353631,False
113,0.0009249999998246494,0.0578125,0.05132010222610344,False
114,0.0002360000000862783,-0.25375,0.04099755089646948,False
115,0.0004200000000764703,-0.14714285714285716,0.03689779580682253,False
116,0.0040559999999914,-0.018266666666666667,0.0457628698992705,False
117,0.000538999999889711,-0.11555555555555556,0.022727783854719998,False
118,0.0003460000000359287,-0.1708333333333333,0.04471768471855289,False
119,0.0034269999998741696,-0.021583333333333336,0.020455005469248,False
120,0.0013289999999415159,-0.0482608695652174,0.018409504922323208,False
121,0.0006510000000616856,-0.09545454545454546,0.041186582909343454,False
122,0.0007279999999809661,-0.08153846153846155,0.08551370006079759,False
123,0.000565000000051441,-0.1045,0.09053801543292762,False
124,0.0001830000001064036,-0.33666666666666667,0.03706792461840911,False
125,0.008289000000104352,-0.011589403973509937,0.02484029573059915,False
126,0.0006190000001424778,-0.09545454545454546,0.0333611321565682,False
127,0.0004779999999300344,-0.129375,0.0402459162466976,False
128,0.0028890000000956206,0.014326923076923074,0.0461880920034931,False
129,0.007554000000027372,-0.012316176470588238,0.09195584387887401,False
130,0.0019409999999879801,-0.03426470588235294,0.06796525319079282,False
131,0.0006200000000262662,0.08636363636363636,0.041569282803143794,False
132,0.00045399999999062857,-0.129375,0.09752303791276136,False
133,0.0017410000000381842,-0.03609375,0.02235626615753923,False
134,0.001963999999816224,-0.03263888888888889,0.03695142885627061,False
135,0.0006710000000111904,-0.08791666666666666,0.033256285970643555,False
136,0.006712999999990643,-0.013652173913043481,0.029930657373579195,False
137,0.0008040000000164582,-0.08153846153846155,0.02693759163622127,False
138,0.0018000000000029104,-0.035151515151515156,0.06116872787171353,False
139,0.0013739999999415886,-0.05238095238095238,0.05505185508454218,False
140,0.001742999999805761,-0.041851851851851855,0.024243832472599147,False
141,0.0012230000002091401,-0.050227272727272725,0.090343508544521,False
142,0.0025669999999990978,-0.026170212765957452,0.0813091576900689,False
143,0.00024099999995996768,-0.25375,0.021819449225339228,False
144,0.0010720000000219443,0.04789473684210527,0.03741235452282942,False
145,0.005916999999953987,-0.014754901960784318,0.09000000000000001,False
146,0.0034089999999196152,-0.021583333333333336,0.027602329162792663,False
147,0.0015999999998257408,-0.03931034482758621,0.02484209624651339,False
148,0.0002389999999650172,-0.25375,0.042527973754992,False
149,0.0028930000000855216,-0.02377358490566038,0.030051106017790787,False
150,0.0020930000000589644,0.023714285714285712,0.03367111907054648,False
151,0.00437299999998686,0.007721518987341769,0.030304007163491832,False
152,0.0018789999999171414,0.024558823529411765,0.02727360644714265,False
153,0.00479500000005828,0.006964285714285711,0.024546245802428392,False
154,0.006198999999924126,-0.0137280701754386,0.04954666957608797,False
155,0.0015579999999317806,0.03222222222222222,0.022091621222185553,False
156,0.002220999999963169,-0.029875000000000002,0.03427104681483219,False
157,0.005288999999947919,-0.015585106382978726,0.037688127077991185,False
158,0.002504999999928259,0.016847826086956518,0.019882459099966998,False
159,0.0007590000000163855,-0.08153846153846155,0.03391931437019207,False
160,0.007211000000097556,-0.012537878787878792,0.03740390754509232,False
161,0.0016880000000583095,0.029655172413793104,0.0178942131899703,False
162,0.006771999999955369,-0.0130241935483871,0.03366351679058308,False
163,0.005506999999852269,0.005255102040816324,0.01610479187097327,False
164,0.006411000000070999,-0.013577586206896555,0.030297165111524773,False
165,0.0018420000001242443,0.025454545454545452,0.014494312683875944,False
166,0.001860999999962587,-0.03426470588235294,0.027267448600372293,False
167,0.008252000000084081,0.0017449664429530164,0.013044881415488353,False
168,0.004155000000082509,-0.01844594594594595,0.09567249194317644,False
169,0.0020959999999377033,0.02144736842105263,0.01174039327393952,False
170,0.010577999999895837,0.00043243243243242863,0.010566353946545572,False
171,0.0007559999999102729,0.07230769230769231,0.009509718551891012,False
172,0.0034689999999955035,-0.020793650793650795,0.08742331264624414,False
173,0.0034900000000561704,-0.020793650793650795,0.024540703740335058,False
174,0.009536999999909312,0.0007758620689655134,0.008558746696701914,False
175,0.001106999999819891,0.04525,0.007702872027031727,False
176,0.011442999999871972,0.00034574468085106,0.006932584824328559,False
177,0.015484999999898719,-0.0013718411552346302,0.006239326341895702,False
178,0.0018159999999625143,0.025454545454545452,0.012272316148166696,False
179,0.010716000000002168,0.0001275510204081594,0.011045084533350026,False
180,0.009180000000014843,0.0009821428571428533,0.009940576080015018,False
181,0.006863000000066677,0.0031048387096774157,0.00894651847201352,False
182,0.006006999999954132,0.004054054054054051,0.017219197389150044,False
183,0.0070279999999911524,0.0030399999999999967,0.015497277650235043,False
184,0.019505999999864798,-0.0021529745042492476,0.013947549885211541,False
185,0.0047609999999167485,0.006551724137931031,0.01255279489669039,False
186,0.014216000000033091,-0.00888671874999998,0.0367545155903808,False
187,0.011686999999938052,-0.00023696682464454787,0.028114233140779477,False
188,0.0030820000001767767,0.012631578947368419,0.025302809826701536,False
189,0.0007759999998597777,0.0667857142857143,0.022772528844031383,False
190,0.018959999999879074,-0.0020614035087718877,0.020495275959628245,False
191,0.09465700000009747,-0.004414676761793792,0.018445748363665415,False
192,0.006576999999879263,0.0032377049180327836,0.016601173527298875,False
193,0.0220440000000508,-0.0024812030075187456,0.028873429751183545,False
194,0.007375999999794658,0.00261363636363636,0.02598608677606519,False
195,0.01964100000009239,-0.001954545454545415,0.0310679319736612,False
196,0.01237900000000991,-0.0005333333333333249,0.02796113877629508,False
197,0.02254399999992529,-0.0024874999999999485,0.025165024898665567,False
198,0.008876000000100248,0.0012422360248447169,0.022648522408799013,False
199,0.006973999999900116,0.0028515624999999965,0.020383670167919112,False
200,0.0008830000001580629,0.0578125,0.0183453031511272,False
201,0.0006160000000363652,0.08636363636363636,0.016510772836014476,False
202,0.006765000000086729,0.0031707317073170695,0.014859695552413033,False
203,0.01736399999981586,-0.001849529780564226,0.013373725997171727,False
204,0.0036809999999150023,0.01095238095238095,0.012036353397454558,False
205,0.00045499999987441697,0.120625,0.010832718057709101,False
206,0.000565000000051441,0.0955,0.009749446251938187,False
207,0.008315000000038708,0.001979166666666663,0.008774501626744369,False
208,0.003956000000016502,0.00876712328767123,0.007897051464069937,False
209,0.0006670000000212895,0.07875,0.007107346317662944,False
210,0.0015789999999924476,0.029655172413793104,0.006396611685896648,False
211,0.001107999999931053,0.04789473684210527,0.015202067440108625,False
212,0.016390999999885025,-0.0016161616161615839,0.01368186069609776,False
213,0.003764000000046508,0.010227272727272724,0.018501717402633823,False
214,0.0010559999998349667,0.04789473684210527,0.016651545662370437,False
215,0.0008179999999811116,0.0667857142857143,0.01498639109613339,False
216,0.0027130000000852306,0.018372093023255813,0.013487751986520047,False
217,0.0013550000001032458,0.04068181818181818,0.01213897678786804,False
218,0.00547599999981685,0.005049999999999996,0.010925079109081238,False
219,0.042871999999988475,-0.0036879895561356926,0.009832571198173113,False
220,0.0014439999999922293,0.03365384615384615,0.008849314078355796,False
221,0.0206630000000132,-0.0023199999999999523,0.00796438267052022,False
222,0.007416000000148415,0.0024999999999999966,0.007167944403468196,False
223,0.021349000000100204,-0.002312834224598883,0.006451149963121372,False
224,0.0067349999999350985,0.0035897435897435863,0.0058060349668092376,False
225,0.019244000000071537,-0.002120343839541504,0.014728879592535372,False
226,0.0023909999999887077,0.017840909090909088,0.013255991633281838,False
227,0.014291000000184795,-0.0012075471698112976,0.011930392469953656,False
228,0.011889000000110173,-0.00032558139534883334,0.019689642456443848,False
229,0.00981099999989965,0.000710227272727269,0.031205908504334245,False
230,0.017961000000013883,-0.0018593749999999624,0.02808531765390082,False
231,0.0029890000000705186,0.013272727272727271,0.030557410876314996,False
232,0.0030469999999240827,0.012946428571428569,0.03477688927597838,False
233,0.0068280000000413565,0.0032377049180327836,0.03819432795489505,False
234,0.006812999999965541,0.0031707317073170695,0.03901865249824715,False
235,0.0184119999998984,-0.0020178041543026295,0.035116787248422446,False
236,0.0008300000001781882,0.062000000000000006,0.03160510852358019,False
237,0.0031650000000809086,0.012631578947368419,0.028444597671222174,False
238,0.00974099999984901,0.0008430232558139497,0.025600137904099953,False
239,0.0050630000000637665,0.006686046511627904,0.023040124113689955,False
240,0.042028999999956795,-0.003611878453038598,0.02073611170232096,False
241,0.004497000000128537,0.007407407407407404,0.018662500532088868,False
242,0.009399999999914144,0.0008771929824561366,0.016796250478879983,False
243,0.021251000000120257,-0.0023963730569947694,0.015116625430991982,False
244,0.019318999999995867,-0.002120343839541504,0.01360496288789278,False
245,0.003971000000092317,0.009565217391304346,0.012244466599103498,False
246,0.015741000000161876,-0.0011494252873563,0.01102001993919315,False
247,0.006992999999965832,0.003445378151260501,0.00991801794527384,False
248,0.0023040000000946748,0.018928571428571427,0.008926216150746458,False
249,0.0020179999999072606,0.02216216216216216,0.008033594535671807,False
250,0.009022000000186381,0.0012037037037036999,0.013774118626357301,False
251,0.0018039999999928114,0.029655172413793104,0.012396706763721578,False
252,0.005250999999816486,0.006166666666666663,0.011157036087349415,False
253,0.003917999999885069,0.009357142857142854,0.01638843920511146,False
254,0.0016379999999571737,0.0285,0.020767123614678296,False
255,0.01627399999983936,-0.0014736842105262868,0.01869041125321047,False
256,0.00899899999990339,0.0012037037037036999,0.025164586235317032,False
257,0.007573000000093089,0.0023897058823529375,0.02264812761178533,False
258,0.028863000000001193,-0.003044747081711999,0.020383314850606793,False
259,0.007984999999962383,0.0018835616438356128,0.01834498336554611,False
260,0.0013309999999364663,0.04068181818181818,0.03512959888396274,False
261,0.011099999999942156,2.4999999999996135e-05,0.04283648426096501,False
262,0.0008170000000973232,0.0667857142857143,0.03855283583486851,False
263,0.0103039999999055,0.0003174603174603136,0.03469755225138166,False
264,0.0137080000001788,-0.0006493506493506384,0.0312277970262435,False
265,0.012457000000040352,0.00018041237113401677,0.028105017323619155,False
266,0.0027279999999336724,0.015510204081632652,0.02529451559125724,False
267,0.006202000000030239,0.0038157894736842073,0.02276506403213151,False
268,0.001099999999951251,0.04525,0.026104358594894073,False
269,0.02821100000005572,-0.002998007968127428,0.03807712708743354,False
270,0.027117999999973108,-0.0029320987654320382,0.03426941437869019,False
271,0.0015359999999873253,0.036875,0.030842472940821167,False
272,0.027945999999928972,-0.003017751479289878,0.027758225646739045,False
273,0.00148799999988114,0.03222222222222222,0.024982403082065143,False
274,0.032280000000127984,-0.003267241379310277,0.022484162773858632,False
275,0.0004620000001978042,0.120625,0.031108397144799294,False
276,0.002142000000048938,0.030892857142857142,0.03523665838818384,False
277,0.0063850000001366425,0.005468749999999997,0.03171299254936546,False
278,0.009393000000045504,0.0009821428571428533,0.02854169329442892,False
279,0.006159000000025117,0.004054054054054051,0.025687523964986025,False
280,0.004971999999952459,0.006043956043956041,0.02311877156848743,False
281,0.00398799999993571,0.00895833333333333,0.020806894411638688,False
282,0.009840000000167493,0.0006460674157303332,0.018726204970474815,False
283,0.022034999999959837,-0.0024874999999999485,0.01685358447342733,False
284,0.020302000000128828,-0.002305630026809604,0.015168226026084598,False
285,0.004143999999996595,0.009357142857142854,0.013651403423476139,False
286,0.01918500000010681,-0.0020178041543026295,0.012286263081128524,False
287,0.0040079999998852145,0.009154929577464785,0.017333602198904573,False
288,0.010147999999844615,0.0012037037037036999,0.015600241979014119,False
289,0.04015999999978703,-0.003576487252124571,0.014040217781112708,False
290,0.001378999999815278,0.0352,0.02688611169682527,False
291,0.019027999999934764,-0.002120343839541504,0.036580825433197094,False
292,0.01707099999998718,-0.0017263843648208123,0.03292274288987739,False
293,0.025955999999951018,-0.0028525641025640438,0.02963046860088965,False
294,0.012007999999923413,-0.00028169014084506756,0.02666742174080068,False
295,0.013852999999926396,-0.0009638554216867292,0.02400067956672061,False
296,0.00041600000008656934,0.13857142857142857,0.02160061161004855,False
297,0.001316999999971813,0.03869565217391304,0.019440550449043692,False
298,0.03943000000003849,-0.0035963687150837235,0.017496495404139323,False
299,0.006681999999955224,0.0032377049180327836,0.03449643322587925,False
300,0.0010560000000623404,0.050833333333333335,0.03104678990329133,False
301,0.03798600000004626,-0.003543478260869491,0.027942110912962195,False
302,0.008061999999881664,0.0017905405405405368,0.030437546834149357,False
303,0.009356000000025233,0.0010179640718562836,0.02739379215073442,False
304,0.0073300000001381704,0.0024999999999999966,0.024654412935660976,False
305,0.009231999999883556,0.0009821428571428533,0.02218897164209488,False
306,0.01640399999996589,-0.001638795986622041,0.019970074477885392,False
307,0.0017709999999624415,0.02640625,0.017973067030096858,False
308,0.009432000000060725,0.0009117647058823492,0.016175760327087174,False
309,0.004533999999921434,0.007256097560975607,0.014558184294378452,False
310,0.013401000000158092,-0.0007594936708860626,0.01923520025439476,False
311,0.03490200000010191,-0.0033971291866027997,0.017311680228955285,False
312,0.005828999999948792,0.007256097560975607,0.01558051220605976,False
313,0.003555000000005748,0.010703124999999997,0.014022460985453788,False
314,0.01120800000012423,-2.4752475247527522e-05,0.01262021488690841,False
315,0.002803000000085376,0.014705882352941175,0.011358193398217566,False
316,0.004213000000163447,0.007884615384615382,0.010222374058395812,False
317,0.012754000000086307,-0.0006681034482758507,0.009200136652556234,False
318,0.002525999999988926,0.016847826086956518,0.008280122987300608,False
319,0.019325999999864507,-0.001981981981981942,0.007452110688570546,False
320,0.011199000000033266,-2.4752475247527522e-05,0.006706899619713491,False
321,0.0010469999999713764,0.050833333333333335,0.006036209657742143,False
322,0.036887999999862586,-0.003484162895927529,0.005432588691967933,False
323,0.002279000000044107,0.02076923076923077,0.01159707673517716,False
324,0.0005680000001575536,0.0955,0.010437369061659442,False
325,0.03739100000007056,-0.0034633027522935054,0.009393632155493492,False
326,0.005977000000029875,0.004305555555555552,0.008454268939944143,False
327,0.014544999999998254,-0.0011046511627906767,0.007608842045949727,False
328,0.020438000000012835,-0.0022465753424657075,0.021999743377101824,False
329,0.010579999999890788,0.0005219780219780181,0.019799769039391638,False
330,0.0007900000000518048,0.0667857142857143,0.017819792135452473,False
331,0.00257699999997385,0.016382978723404253,0.016037812921907226,False
332,0.01957200000015291,-0.002128571428571385,0.028368683552946406,False
333,0.001780999999937194,0.02640625,0.025531815197651766,False
334,0.02399899999977606,-0.002705479452054739,0.022978633677886585,False
335,0.029898000000002867,-0.00314575645756451,0.02068077031009793,False
336,0.008709999999837237,0.0013607594936708824,0.018612693279088134,False
337,0.0020099999999274587,0.022916666666666665,0.025018329333390446,False
338,0.003844000000071901,0.00977941176470588,0.022516496400051402,False
339,0.0021200000001044828,0.02144736842105263,0.02589630748684303,False
340,0.0018600000000787986,0.024558823529411765,0.028725209366487616,False
341,0.007273000000168395,0.0026717557251908363,0.025852688429838858,False
342,0.0011599999997997656,0.04285714285714286,0.023267419586854965,False
343,0.012283999999908701,-0.0005133928571428492,0.02094067762816947,False
344,0.005012999999962631,0.006292134831460671,0.024577347174777855,False
345,0.02222000000006119,-0.002506203473945358,0.02762123958528906,False
346,0.002729999999928623,0.015099999999999997,0.024859115626760155,False
347,0.02319800000009309,-0.002595693779904253,0.02237320406408414,False
348,0.0060699999999087595,0.004305555555555552,0.020135883657675727,False
349,0.0009999999999763531,0.050833333333333335,0.018122295291908154,False
350,0.015327999999954045,-0.001410714285714258,0.016310065762717343,False
351,0.0009919999999965512,0.050833333333333335,0.01467905918644561,False
352,0.025186000000076092,-0.0028199566160520026,0.013211153267801047,False
353,0.0039039999999204156,0.00977941176470588,0.018107735285149473,False
354,0.01713600000016413,-0.001768488745980672,0.01629696175663453,False
355,0.0057189999999991414,0.004571428571428568,0.014667265580971079,False
356,0.0027500000001055014,0.015099999999999997,0.01320053902287397,False
357,0.0021729999998569838,0.02076923076923077,0.018098851162145515,False
358,0.00935299999991912,0.0011656441717791373,0.022198738422715792,False
359,0.0018029999998816493,0.025454545454545452,0.019978864580444212,False
360,0.0046070000000781874,0.006823529411764703,0.017980978122399793,False
361,0.011142999999947278,0.0001275510204081594,0.01618288031015982,False
362,0.06821400000012545,-0.00417555373256759,0.014564592279143841,False
363,0.005290999999942869,0.00557894736842105,0.029530255860266474,False
364,0.0029469999999491847,0.013962264150943393,0.02657723027423983,False
365,0.008493999999927837,0.0015259740259740222,0.02391950724681584,False
366,0.00419200000010278,0.00805194805194805,0.021527556522134263,False
367,0.0007789999999658903,0.0667857142857143,0.01937480086992084,False
368,0.00045599999998557905,0.120625,0.017437320782928756,False
369,0.001694000000043161,0.029655172413793104,0.015693588704635886,False
370,0.013042000000041298,-0.0006681034482758507,0.014124229834172298,False
371,0.03178600000001097,-0.00317934782608689,0.01271180685075507,False
372,0.007684000000153901,0.00228260869565217,0.011440626165679557,False
373,0.008775000000014188,0.0015259740259740222,0.010296563549111605,False
374,0.029991000000109125,-0.003124999999999935,0.009266907194200447,False
375,0.020164000000022497,-0.0022690217391303884,0.008340216474780405,False
376,0.009435999999823252,0.0008771929824561366,0.007506194827302359,False
377,0.01079000000004271,0.00010152284263959006,0.006755575344572118,False
378,0.000726999999869804,0.07230769230769231,0.006080017810114902,False
379,0.0066520000000309665,0.0033057851239669386,0.02877423425834328,False
380,0.0037820000000010623,0.009357142857142854,0.03600465168903699,False
381,0.037892000000056214,-0.0035392441860464374,0.03240418652013329,False
382,0.0008299999999508145,0.0667857142857143,0.03417230411735156,False
383,0.03132400000004054,-0.00322123893805303,0.04206665425399068,False
384,0.019516000000066924,-0.00209537572254331,0.03785998882859161,False
385,0.01555899999993926,-0.001461267605633774,0.03407398994573244,False
386,0.0176050000000032,-0.001829652996845389,0.037598886630217376,False
387,0.0003670000000965956,0.1625,0.03383899796719564,False
388,0.01325500000007196,-0.0006866952789699453,0.041845844844538294,False
389,0.0050369999999020365,0.005923913043478258,0.04390318200684008,False
390,0.021778000000040265,-0.0024492385786801527,0.039512863806156075,False
391,0.0031639999999697466,0.012631578947368419,0.03556157742554047,False
392,0.0006189999999151041,0.08636363636363636,0.03881546578585744,False
393,0.001864999999952488,0.024558823529411765,0.034933919207271694,False
394,0.001571999999896434,0.03222222222222222,0.038257437741150035,False
395,0.003396000000066124,0.011475409836065572,0.03443169396703503,False
396,0.0035490000000208966,0.011475409836065572,0.03098852457033152,False
397,0.0009350000000267755,0.0578125,0.02788967211329837,False
398,0.008969999999862921,-0.011218750000000003,0.09137820437030611,False
399,0.0012590000001182489,0.04068181818181818,0.03256470577689633,False
400,0.005836999999928594,0.0044811320754716945,0.0293082351992067,False
401,0.004067000000077314,0.00876712328767123,0.03373059435603635,False
402,0.0017669999999725405,0.02640625,0.030357534920432718,False
403,0.013635000000022046,-0.0009146341463414467,0.02732178142838945,False
404,0.003022999999984677,0.013272727272727271,0.0245896032855505,False
405,0.007385000000112996,0.00261363636363636,0.02763149795000577,False
406,0.008415000000013606,0.0016999999999999964,0.024868348155005195,False
407,0.010900999999876149,7.57575757575719e-05,0.030075093454937765,False
408,0.007432000000108019,0.0023897058823529375,0.027067584109443987,False
409,0.007082000000082189,0.0028515624999999965,0.044666617844250404,False
410,0.012947000000167463,-0.0006866952789699453,0.04019995605982536,False
411,0.001795000000129221,0.0285,0.03617996045384282,False
412,0.005157999999937601,0.005691489361702124,0.03256196440845854,False
413,0.028788000000076863,-0.003063583815028838,0.03631955687482367,False
414,0.0063419999999041465,0.0035897435897435863,0.0326876011873413,False
415,0.007339000000001761,0.00261363636363636,0.029418841068607173,False
416,0.014971000000059576,-0.0013586956521738866,0.026476956961746456,False
417,0.005585000000110085,0.004852941176470585,0.023829261265571812,False
418,0.004904000000124142,0.0064204545454545426,0.02144633513901463,False
419,0.0006929999999556458,0.07875,0.019301701625113167,False
420,0.0005150000001776789,0.10666666666666666,0.017371531462601852,False
421,0.0019720000000233995,0.022916666666666665,0.01563437831634167,False
422,0.0005659999999352294,0.0955,0.014070940484707507,False
423,0.005065999999942505,0.006292134831460671,0.01266384643623676,False
424,0.004451000000017302,0.007407407407407404,0.011397461792613084,False
425,0.0018059999999877618,0.025454545454545452,0.010257715613351781,False
426,0.0044759999998404965,0.007256097560975607,0.024049180175535013,False
427,0.002459000000044398,0.017333333333333333,0.02164426215798151,False
428,0.01960500000018328,-0.0021037463976944816,0.019479835942183357,False
429,0.002617999999984022,-0.025729166666666668,0.08224038393327548,False
430,0.003486999999950058,0.010703124999999997,0.017531852347965015,False
431,0.007356000000072527,0.002444444444444441,0.01577866711316851,False
432,0.013456999999789332,-0.0007051282051281929,0.014200800401851656,False
433,0.0007840000000669534,0.0667857142857143,0.012780720361666487,False
434,0.025375000000167347,-0.002746636771300392,0.011502648325499843,False
435,0.006118000000014945,0.004220183486238528,0.016677716648443364,False
436,0.006136999999853288,0.004136363636363633,0.015009944983599022,False
437,0.014483999999811203,-0.0011787072243345782,0.013508950485239125,False
438,0.010978999999906591,7.57575757575719e-05,0.01215805543671521,False
439,0.013701999999966574,-0.0009311740890688088,0.019857556352952634,False
440,0.0009979999999814027,0.050833333333333335,0.01787180071765737,False
441,0.006151999999929103,0.003973214285714282,0.016084620645891636,False
442,0.022267999999940002,-0.002512376237623711,0.014476158581302467,False
443,0.0028760000000147556,0.015937499999999997,0.02173760086201796,False
444,0.03320299999995768,-0.0032908163265305437,0.019563840775816167,False
445,0.018522000000075423,-0.001981981981981942,0.017607456698234547,False
446,0.0030719999999746506,0.014705882352941175,0.02427571085460274,False
447,0.004027999999834719,0.00876712328767123,0.02184813976914246,False
448,0.00040300000000570435,0.13857142857142857,0.019663325792228216,False
449,0.032255000000077416,-0.003284982935153515,0.0259432081324664,False
450,0.003137000000151602,0.012946428571428569,0.02334888731921976,False
451,0.005975000000034925,0.004220183486238528,0.02101399858729778,False
452,0.011158000000023094,-2.4752475247527522e-05,0.018912598728568,False
453,0.005529000000024098,0.004950495049504947,0.025338005670839506,False
454,0.006836999999904947,0.0031048387096774157,0.02280420510375555,False
455,0.0038210000000162836,0.011475409836065572,0.02849127784462807,False
456,0.00960199999985889,0.000710227272727269,0.02564215006016526,False
457,0.04391899999995985,-0.0036137931034482002,0.030790626876691474,False
458,0.0066560000000208674,0.0031707317073170695,0.027711564189022334,False
459,0.004095000000006621,0.009357142857142854,0.0249404077701201,False
460,0.01399800000012874,-0.0010588235294117447,0.02244636699310809,False
461,0.032706000000189306,-0.0032791095890410274,0.020201730293797283,False
462,0.0008869999999205902,0.062000000000000006,0.018181557264417558,False
463,0.0009979999999814027,0.050833333333333335,0.0163634015379758,False
464,0.005754000000024462,0.004663461538461535,0.01472706138417822,False
465,0.003212000000075932,0.012033898305084743,0.021983343609965303,False
466,0.001799000000119122,0.025454545454545452,0.01978500924896877,False
467,0.002640000000155851,0.015937499999999997,0.01780650832407189,False
468,0.014773999999988519,-0.0008471074380165136,0.016025857491664696,False
469,0.019064000000071246,-0.0020353982300884543,0.014423271742498224,False
470,0.0035540000001219596,0.011209677419354837,0.0129809445682484,False
471,0.006828999999925145,0.0032377049180327836,0.01168285011142356,False
472,0.012028000000100292,-0.0004109589041095833,0.019514287596701974,False
473,0.002338000000008833,0.018928571428571427,0.01756285883703178,False
474,0.008141999999907057,0.0017449664429530164,0.0158065729533286,False
475,0.004928000000063548,0.006551724137931031,0.014225915657995736,False
476,0.027293999999983498,-0.002981927710843312,0.012803324092196167,False
477,0.0023309999999128195,0.018928571428571427,0.011522991682976547,False
478,0.008581999999933032,0.0014838709677419317,0.010370692514678892,False
479,0.0008880000000317523,0.0578125,0.009333623263210999,False
480,0.015900999999985288,-0.0015344827586206593,0.008400260936889904,False
481,0.0014819999998962885,0.03222222222222222,0.007560234843200908,False
482,0.00413099999991573,0.00895833333333333,0.006804211358880818,False
483,0.006484000000000378,0.0035897435897435863,0.006123790222992743,False
484,0.006862999999839303,0.0030399999999999967,0.005511411200693473,False
485,0.0042230000001381995,0.00805194805194805,0.00496027008062413,False
486,0.003963999999996304,0.009154929577464785,0.0112017460574824,False
487,0.006309999999984939,0.0038157894736842073,0.010081571451734161,False
488,0.0021360000000640866,0.02076923076923077,0.009073414306560746,False
489,0.005533000000013999,0.004950495049504947,0.008166072875904673,False
490,0.0013579999999819847,0.03869565217391304,0.0073494655883142085,False
491,0.006020999999918786,0.004136363636363633,0.021928249497191788,False
492,0.0027629999999589927,0.015510204081632652,0.030675668691109062,False
493,0.029925000000048385,-0.00314575645756451,0.027608101821998157,False
494,0.010433999999804655,0.00034574468085106,0.024847291639798343,False
495,0.016008999999939988,-0.0015344827586206593,0.022362562475818505,False
496,0.01632200000017292,-0.001638795986622041,0.02012630622823666,False
497,0.005270000000109576,0.005468749999999997,0.018113675605412993,False
498,0.01946799999996074,-0.0021690140845069977,0.016302308044871695,False
499,0.002633999999943626,0.016847826086956518,0.02325612351919384,False
500,0.003674999999930151,0.009999999999999997,0.020930511167274457,False
501,0.0022980000001098233,0.02144736842105263,0.018837460050547008,False
502,0.016071000000010827,-0.001569965870307136,0.01695371404549231,False
503,0.007426000000123167,0.0023897058823529375,0.023781648164952984,False
504,0.02709699999991244,-0.0029531568228105295,0.021403483348457687,False
505,0.0012349999999514694,0.04068181818181818,0.027318950804892973,False
506,0.0045729999999366555,0.007108433734939756,0.024587055724403672,False
507,0.0005659999999352294,0.0955,0.022128350151963308,False
508,0.05009499999982836,-0.003884572697003248,0.01991551513676697,False
509,0.010318000000097527,0.0004032258064516091,0.01792396362309028,False
510,0.002521999999999025,0.018928571428571427,0.016131567260781254,False
511,0.005977000000029875,0.004392523364485978,0.014518410534703131,False
512,0.0018629999999575375,0.024558823529411765,0.013066569481232816,False
513,0.0015869999999722495,0.030892857142857142,0.01175991253310953,False
514,0.0006180000000313157,0.08636363636363636,0.010583921279798581,False
515,0.0028620000000501022,0.014705882352941175,0.009525529151818724,False
516,0.0019270000000233267,0.023714285714285712,0.008572976236636854,False
517,0.001479999999901338,0.03222222222222222,0.007715678612973165,False
518,0.03405000000020664,-0.0033165829145727953,0.006944110751675847,False
519,0.013742000000092958,-0.0009311740890688088,0.006249699676508258,False
520,0.015617000000020198,-0.001277777777777753,0.005624729708857435,False
521,0.0010519999998450658,0.054117647058823534,0.017984845852671728,False
522,0.003693000000112079,0.009565217391304346,0.022103315978686245,False
523,0.005063999999947555,0.005691489361702124,0.019892984380817626,False
524,0.04261199999996279,-0.003704896907216417,0.01790368594273586,False
525,0.010303000000021711,0.0007758620689655134,0.016113317348462275,False
526,0.025550000000066575,-0.0028008752735229183,0.014501985613616042,False
527,0.007346000000097774,0.00261363636363636,0.019188161958596628,False
528,0.0030130000000099244,0.013962264150943393,0.017269345762736966,False
529,0.005810000000110449,0.004571428571428568,0.023932273944376237,False
530,0.010321999999860054,0.00034574468085106,0.021539046549938615,False
531,0.009841000000051281,0.0005833333333333296,0.027398656054456162,False
532,0.009668999999803418,0.000809248554913291,0.03694329102382761,False
533,0.010933999999906518,0.0003174603174603136,0.033248961921444845,False
534,0.002021000000013373,0.0285,0.034879381128249336,False
535,0.0006779999998798303,0.07875,0.0313914430154244,False
536,0.015574999999898864,-0.0013848920863309081,0.028252298713881963,False
537,0.008624999999938154,0.0018367346938775475,0.025427068842493773,False
538,0.014873999999963416,-0.0012359550561797513,0.022884361958244392,False
539,0.006449999999858846,0.0035169491525423695,0.020595925762419955,False
540,0.0006180000000313157,0.08636363636363636,0.018536333186177957,False
541,0.0011970000000474101,0.04285714285714286,0.016682699867560158,False
542,0.007351999999855252,0.00261363636363636,0.015014429880804148,False
543,0.0058989999999994325,0.004852941176470585,0.013512986892723733,False
544,0.001606000000037966,0.030892857142857142,0.01216168820345136,False
545,0.010787999999820386,0.00018041237113401677,0.017229333026288797,False
546,0.01629000000002634,-0.0016161616161615839,0.015506399723659914,False
547,0.0017350000000533328,0.027419354838709678,0.022464416300709524,False
548,0.0012980000001334702,0.03869565217391304,0.020217974670638572,False
549,0.012247000000115804,-0.0004109589041095833,0.018196177203574717,False
550,0.01628800000003139,-0.001546391752577289,0.016376559483217246,False
551,0.015994000000091546,-0.0015224913494809387,0.02075718028745284,False
552,0.006085999999868363,0.003973214285714282,0.018681462258707548,False
553,0.005245000000059008,0.005806451612903223,0.01681331603283679,False
554,0.0178129999999328,-0.0019171779141103906,0.015131984429553115,False
555,0.0010469999999713764,0.04789473684210527,0.013618785986597805,False
556,0.08469000000013693,-0.004037356321838995,0.018448923870782365,False
557,0.001007999999956155,0.0955,0.01660403148370413,False
558,0.00772200000005796,0.004392523364485978,0.014943628335333714,False
559,0.007835999999997512,0.0020279720279720243,0.019557816916674322,False
560,0.004605000000083237,0.007256097560975607,0.017602035225006887,False
561,0.0012449999999262218,0.04068181818181818,0.015841831702506193,False
562,0.0111859999999524,-7.352941176470758e-05,0.014257648532255574,False
563,0.009266000000025088,0.0010542168674698758,0.012831883679030022,False
564,0.004181000000016866,0.012631578947368419,0.011548695311127023,False
565,0.0030780000001868757,0.014326923076923074,0.019237251586388074,False
566,0.0025610000000142463,0.016382978723404253,0.01731352642774926,False
567,0.007368999999926018,0.0026717557251908363,0.01558217378497433,False
568,0.011964000000034503,-0.0003472222222222179,0.014023956406476901,False
569,0.02032299999996212,-0.0022160664819944145,0.01262156076582921,False
570,0.004413000000113243,0.007721518987341769,0.011359404689246289,False
571,0.0031530000001112057,0.01232758620689655,0.010223464220321655,False
572,0.008735999999998967,0.0014012738853503147,0.009201117798289494,False
573,0.006522000000131811,0.003445378151260501,0.01734943061129889,False
574,0.027037000000063927,-0.002923553719008204,0.023960977587195755,False
575,0.02616800000009789,-0.0028752642706130482,0.021564879828476182,False
576,0.019483000000036554,-0.0021610169491524983,0.01940839184562856,False
577,0.005004999999982829,0.0064204545454545426,0.0174675526610657,False
578,0.012508000000025277,-0.0005726872246695942,0.01572079739495913,False
579,0.0025239999999939755,0.017840909090909088,0.014148717655463217,False
580,0.0009270000000469736,0.0578125,0.012733845889916896,False
581,0.008591000000023996,0.0014012738853503147,0.011460461300925207,False
582,0.00045499999987441697,0.120625,0.010314415170832692,False
583,0.008059000000002925,0.001979166666666663,0.009282973653749428,False
584,0.0011600000000271393,0.04285714285714286,0.008354676288374486,False
585,0.0011589999999159772,0.04285714285714286,0.0075192086595370355,False
586,0.004185000000006767,0.00876712328767123,0.006767287793583332,False
587,0.0008840000000418513,0.062000000000000006,0.006090559014224995,False
588,0.00874799999996867,0.0016118421052631541,0.0054815031128024995,False
589,0.01492499999994834,-0.0013321167883211418,0.004933352801522251,False
590,0.015373000000181491,-0.0013848920863309081,0.004440017521370021,False
591,0.024290999999948326,-0.0026949541284403116,0.003996015769233019,False
592,0.018924999999853753,-0.001963746223564915,0.003596414192309716,False
593,0.015429999999923893,-0.0006113537117903828,0.0032367727730787444,False
594,0.003793000000086977,0.013962264150943393,0.002913095495770868,False
595,0.016603999999915686,-0.001461267605633774,0.0026217859461937776,False
596,0.013079999999945358,-0.0006493506493506384,0.0023596073515744,False
597,0.02084100000001854,-0.0023342175066312517,0.0021236466164169633,False
598,0.011266999999861582,-4.92610837438446e-05,0.001911281954775268,False
599,0.019590999999991254,-0.002184873949579787,0.0017201537592977378,False
600,0.004445000000032451,0.007256097560975607,0.0015481383833679586,False
601,0.0029300000001057924,0.014705882352941175,0.0013933245450311604,False
602,0.03233100000011291,-0.003218085106382912,0.0012539920905280445,False
603,0.0036260000001675508,0.010227272727272724,0.0011285928814752434,False
604,0.03425199999992401,-0.0033631921824103534,0.010827327928913388,False
605,0.002531000000089989,0.01951219512195122,0.00974459513602205,False
606,0.00620800000001509,0.003973214285714282,0.015206226128850454,False
607,0.013968999999860898,-0.0009475806451612728,0.013685603515965407,False
608,0.012859999999818683,-0.0006113537117903828,0.012317043164368869,False
609,0.003116000000090935,0.012631578947368419,0.011085338847931982,False
610,0.006789999999909924,0.0033057851239669386,0.01879205441910088,False
611,0.012192999999797394,-0.00047297297297296587,0.016912848977190788,False
612,0.0013080000001082226,0.04525,0.015221564079471707,False
613,0.001962000000048647,0.023714285714285712,0.013699407671524534,False
614,0.0036069999998744606,0.010227272727272724,0.0209302373663687,False
615,0.015368999999964217,-0.0013718411552346302,0.01883721362973183,False
616,0.0024040000000695727,0.017840909090909088,0.022816747808085548,False
617,0.01154299999984687,-0.0001449275362318842,0.020535073027276998,False
618,0.01686799999993127,-0.0016047297297296977,0.018481565724549297,False
619,0.0012239999998655549,0.04068181818181818,0.01663340915209437,False
620,0.01838699999984783,-0.001809523809523773,0.014970068236884938,False
621,0.014228999999886582,-0.0009311740890688088,0.013473061413196442,False
622,0.0025650000000041473,0.020124999999999997,0.012125755271876794,False
623,0.0009210000000621221,0.0667857142857143,0.010913179744689118,False
624,0.009508000000096217,0.0009117647058823492,0.009821861770220208,False
625,0.002256999999872278,0.020124999999999997,0.008839675593198182,False
626,0.013428999999860025,-0.0009146341463414467,0.007955708033878362,False
627,0.019013000000086322,-0.0020699708454810072,0.007160137230490526,False
628,0.010185999999976048,0.00046195652173912664,0.00644412350744148,False
629,0.007316999999829932,0.0025563909774436056,0.0057997111566973295,False
630,0.01664400000004207,-0.0016047297297296977,0.0052197400410275985,False
631,0.025760999999874912,-0.007303240740740686,0.08782008263789473,False
632,0.006336000000146669,0.004392523364485978,0.020145454331830782,False
633,0.017372999999906824,-0.001768488745980672,0.018130908898647703,False
634,0.0047779999999875145,0.007108433734939756,0.016317818008782937,False
635,0.0012690000000930013,0.03869565217391304,0.014686036207904641,False
636,0.03406100000006518,-0.0033333333333332637,0.013217432587114176,False
637,0.015292000000044936,-0.0013586956521738866,0.018112991075414565,False
638,0.008262000000058833,0.0017449664429530164,0.01630169196787311,False
639,0.011944999999968786,-0.0004109589041095833,0.02069451617710979,False
640,0.007229999999935899,0.00261363636363636,0.01862506455939881,False
641,0.009146000000100685,0.0010179640718562836,0.016762558103458926,False
642,0.011655999999902633,-0.00028169014084506756,0.01508630229311303,False
643,0.0031770000000506116,0.01232758620689655,0.022115016814538757,False
644,0.0016450000000531873,0.029655172413793104,0.019903515133084883,False
645,0.022888000000193642,-0.002572463768115889,0.017913163619776396,False
646,0.002767999999832682,0.016847826086956518,0.01612184725779876,False
647,0.02529000000004089,-0.0028056768558951386,0.014509662532018887,False
648,0.01283699999999044,-0.0006493506493506384,0.013058696278816995,False
649,0.013167999999950553,-0.0007415254237288006,0.0117528266509353,False
650,0.019965000000183863,-0.002200557103064022,0.010577543985841764,False
651,0.020590999999967607,-0.002305630026809604,0.009519789587257589,False
652,0.0025420000001759036,0.016847826086956518,0.008567810628531824,False
653,0.004866999999876498,0.0064204545454545426,0.0077110295656786405,False
654,0.006963999999925363,0.0027906976744186012,0.006939926609110781,False
655,0.0007239999999910651,0.07230769230769231,0.006245933948199701,False
656,0.008248999999977968,0.0020279720279720243,0.005621340553379728,False
657,0.0021930000000338623,0.020124999999999997,0.005059206498041757,False
658,0.011797000000115077,-0.00028169014084506756,0.004553285848237576,False
659,0.0050630000000637665,0.005806451612903223,0.00409795726341382,False
660,0.0013750000000527507,0.0352,0.003688161537072443,False
661,0.005280000000084328,0.005360824742268038,0.003319345383365202,False
662,0.0022410000001400476,0.02076923076923077,0.002987410845028682,False
663,0.008150000000114233,0.002178571428571425,0.0026886697605258193,False
664,0.005934000000024753,0.004220183486238528,0.002419802784473235,False
665,0.029639999999972133,-0.003044747081711999,0.002177822506025917,False
666,0.0026779999998325366,0.015937499999999997,0.0019600402554233233,False
667,0.001055000000178552,0.04789473684210527,0.020324319651179614,False
668,0.0007249999998748535,0.07230769230769231,0.018291887686061648,False
669,0.005945999999994456,0.004392523364485978,0.016462698917455488,False
670,0.015683000000080938,-0.001461267605633774,0.02642122946433654,False
671,0.01753099999996266,-0.001869158878504635,0.02377910651790288,False
672,0.007538000000067768,0.0022302158273381258,0.029223541715403225,False
673,0.0007719999998698768,0.07230769230769231,0.026301187543862903,False
674,0.004536999999800173,0.006964285714285711,0.029064093974213247,False
675,0.005805999999893174,0.004663461538461535,0.02615768457679192,False
676,0.004628000000138854,0.006823529411764703,0.02354191611911273,False
677,0.0003439999998136045,0.1625,0.021187724507201456,False
678,0.023110000000087894,-0.0025665859564164123,0.019068952056481316,False
679,0.01739499999985128,-0.0016047297297296977,0.017162056850833187,False
680,0.0011689999998907297,0.04285714285714286,0.015445851165749869,False
681,0.007427000000006956,0.0023357664233576605,0.013901266049174877,False
682,0.01396599999998216,-0.0009475806451612728,0.018685359683159375,False
683,0.019092000000000553,-0.002052785923753624,0.016816823714843433,False
684,0.0032929999999851134,0.011749999999999998,0.015135141343359094,False
685,0.006718999999975495,0.0033057851239669386,0.022233992806597103,False
686,0.005952999999863096,0.004220183486238528,0.020010593525937394,False
687,0.005286999999952968,0.005360824742268038,0.018009534173343656,False
688,0.013649999999870488,-0.0009146341463414467,0.016208580756009294,False
689,0.006952000000183034,0.0031048387096774157,0.014587722680408366,False
690,0.01689200000009805,-0.001704918032786851,0.027313739203141587,False
691,0.0063720000000557775,0.0035169491525423695,0.024582365282827423,False
692,0.02785900000003494,-0.0030019880715705144,0.022124128754544684,False
693,0.008905000000140717,0.0011656441717791373,0.02790464080354789,False
694,0.005398000000013781,0.005360824742268038,0.025114176723193094,False
695,0.001485000000002401,0.03222222222222222,0.0303303563763071,False
696,0.007715999999845735,0.002444444444444441,0.02729732073867639,False
697,0.0020759999999881984,0.02144736842105263,0.02456758866480875,False
698,0.00490300000001298,0.006686046511627904,0.029891053237867116,False
699,0.003653999999869484,0.009999999999999997,0.03420608001612942,False
700,0.00395699999990029,0.00876712328767123,0.03078547201451647,False
701,0.00829499999986183,0.0017449664429530164,0.027706924813064828,False
702,0.009194999999863285,0.0010542168674698758,0.024936232331758346,False
703,0.010586000000103013,0.0003174603174603136,0.022442609098582512,False
704,0.0023120000000744767,0.018928571428571427,0.02019834818872426,False
705,0.010425999999824853,0.0003174603174603136,0.02395601743396221,False
706,0.0010910000000876607,0.04789473684210527,0.021560415690565982,False
707,0.0011580000000321888,0.04525,0.019404374121509384,False
708,0.007743000000118627,0.0021276595744680817,0.017463936709358443,False
709,0.007965999999896667,0.001979166666666663,0.0157175430384226,False
710,0.012463000000025204,-0.0005726872246695942,0.014145788734580346,False
711,0.01237900000000991,-0.0005133928571428492,0.012731209861122306,False
712,0.004109000000198648,0.008399999999999998,0.011458088875010077,False
713,0.0020219999998971616,0.024558823529411765,0.010312279987509066,False
714,0.0005330000001322333,0.10666666666666666,0.00928105198875816,False
715,0.0003479999998035055,0.1625,0.008352946789882344,False
716,0.038569000000052256,-0.0035642857142856397,0.007517652110894113,False
717,0.004877999999962412,0.006292134831460671,0.006765886899804708,False
718,0.006154000000151427,0.004054054054054051,0.012713047335136542,False
719,0.023011999999880572,-0.0025665859564164123,0.011441742601622885,False
720,0.011876000000029308,-0.0002142857142857129,0.010297568341460596,False
721,0.006386000000020431,0.0035169491525423695,0.009267811507314538,False
722,0.0016339999999672727,0.0285,0.00834103035658309,False
723,0.012969999999995707,-0.0007234042553191364,0.007506927320924783,False
724,0.002227999999831809,0.020124999999999997,0.01333329816761404,False
725,0.005608000000165703,0.004757281553398055,0.011999968350852631,False
726,0.007573000000093089,0.00261363636363636,0.010799971515767372,False
727,0.0016459999999369757,-0.03816666666666667,0.08095719150000001,False
728,0.013970000000199434,-0.0010588235294117447,0.018708603952940495,False
729,0.0012520000000222353,0.04068181818181818,0.016837743557646445,False
730,0.00996900000018286,0.0005524861878453001,0.015153969201881801,False
731,0.0010809999998855346,0.04789473684210527,0.01973387222197507,False
732,0.015362999999979365,-0.008540925266903887,0.07903807437410526,False
733,0.002878000000009706,0.013962264150943393,0.025972639350101835,False
734,0.004534999999805223,0.007256097560975607,0.02337537541509165,False
735,0.0023859999998876447,0.02216216216216216,0.021037837873582488,False
736,0.0022740000001704175,0.02076923076923077,0.02705539697593695,False
737,0.01439699999991717,-0.0011641221374045579,0.024349857278343257,False
738,0.01255700000001525,-0.0004932735426008894,0.021914871550508933,False
739,0.0005129999999553547,0.10666666666666666,0.019723384395458034,False
740,0.003382999999985259,0.011209677419354837,0.017751045955912228,False
741,0.01855000000000473,-0.002052785923753624,0.021907625465098536,False
742,0.020127999999886015,-0.001963746223564915,0.025386682514287474,False
743,0.008358999999927619,-0.011633333333333338,0.07456499999999999,False
744,0.003817999999910171,0.011475409836065572,0.030578077161990125,False
745,0.0021719999999731954,-0.03426470588235294,0.07401634553994794,False
746,0.0067219999998542335,0.006964285714285711,0.027520269445791112,False
747,0.00814500000001317,0.0035169491525423695,0.024768242501212002,False
748,0.0035150000001067383,0.011475409836065572,0.0222914182510908,False
749,0.015104999999948632,-0.0013586956521738866,0.02006227642598172,False
750,0.025577999999995882,-0.0027960526315788897,0.01805604878338355,False
751,0.0018170000000736763,0.025454545454545452,0.0162504439050452,False
752,0.005998000000090542,0.0044811320754716945,0.014625399514540683,False
753,0.007967000000007829,0.001931034482758617,0.013162859563086616,False
754,0.00211699999999837,0.02144736842105263,0.011846573606777955,False
755,0.005051999999977852,0.0064204545454545426,0.010661916246100156,False
756,0.013731000000007043,-0.0008298755186721843,0.009595724621490144,False
757,0.005235999999968044,0.005806451612903223,0.023637920983120154,False
758,0.017857999999932872,-0.0015224913494809387,0.021274128884808143,False
759,0.01714300000003277,-0.0017263843648208123,0.019146715996327324,False
760,0.03391400000009526,-0.0033109243697478303,0.02556518129932124,False
761,0.06373400000006768,-0.004123036649214573,0.023008663169389112,False
762,0.009294000000181768,0.0010179640718562836,0.02862723303844107,False
763,0.007744000000002416,0.002444444444444441,0.033181953207548624,False
764,0.003885999999965861,0.009154929577464785,0.029863757886793765,False
765,0.003785000000107175,0.009357142857142854,0.02687738209811439,False
766,0.005040000000008149,0.005806451612903223,0.02418964388830295,False
767,0.003987000000051921,0.00876712328767123,0.02959070880297491,False
768,0.010884000000032756,-0.00995024875621891,0.07286147235,False
769,0.011265999999977794,-4.92610837438446e-05,0.02663163792267742,False
770,0.0016960000000381115,0.0285,0.02396847413040968,False
771,0.005832000000054904,0.0044811320754716945,0.02157162671736871,False
772,0.015570999999908963,-0.0014487632508833636,0.01941446404563184,False
773,0.012297999999873355,-0.0004524886877827988,0.017473017641068657,False
774,0.06088399999998728,-0.004076286764705796,0.01572571587696179,False
775,0.012429000000111046,-0.0005726872246695942,0.028228403377497758,False
776,0.01717499999995198,-0.0017891373801916573,0.032899517419656264,False
777,0.002113000000008469,0.02144736842105263,0.029609565677690644,False
778,0.014593999999988228,-0.0011931818181817953,0.034018254888513365,False
779,0.006207000000131302,0.0038157894736842073,0.03552327934168569,False
780,0.01618800000005649,-0.0012639405204460722,0.03197095140751712,False
781,0.004149000000097658,0.008223684210526314,0.02877385626676541,False
782,0.009148000000095635,0.0010909090909090873,0.025896470640088865,False
783,0.0037919999999758147,0.009357142857142854,0.03095450480735469,False
784,0.008799999999837382,0.0013207547169811283,0.027859054326619215,False
785,0.008143999999902007,0.001979166666666663,0.0250731488939573,False
786,0.011936999999988984,-0.000303738317757006,0.02256583400456157,False
787,0.002058000000033644,0.02144736842105263,0.020309250604105412,False
788,0.019906999999875552,-0.0022465753424657075,0.018278325543694875,False
789,0.06299799999987954,-0.004117647058823442,0.016450492989325383,False
790,0.022422000000005937,-0.0074268292682926305,0.07113426693669472,False
791,0.0016880000000583095,0.027419354838709678,0.023314367806354833,False
792,0.00045500000010179065,0.120625,0.020982931025719343,False
793,0.028313000000025568,-0.003021653543307024,0.01888463792314741,False
794,0.0005200000000513683,0.10666666666666666,0.016996174130832663,False
795,0.00281900000004498,0.014705882352941175,0.0152965567177494,False
796,0.02133600000001934,-0.002403100775193749,0.019853217972756243,False
797,0.004363000000012107,0.007721518987341769,0.017867896175480614,False
798,0.015057999999953608,-0.0013454545454545193,0.016081106557932556,False
799,0.02443200000016077,-0.002746636771300392,0.014472995902139296,False
800,0.005038999999896987,0.005923913043478258,0.013025696311925362,False
801,0.01569999999992433,-0.0014982578397212246,0.011723126680732821,False
802,0.00831600000014987,0.0016999999999999964,0.010550814012659539,False
803,0.013593000000128086,-0.0008298755186721843,0.009495732611393581,False
804,0.0045769999999265565,0.007108433734939756,0.008546159350254224,False
805,0.018148000000110187,-0.001981981981981942,0.016954017760302167,False
806,0.005732000000080006,0.004571428571428568,0.015258615984271952,False
807,0.005233000000089305,0.005806451612903223,0.022390795011759668,False
808,0.01848699999982273,-0.0019452887537993527,0.02820083076757478,False
809,0.010907000000088374,0.00015384615384615,0.025380747690817308,False
810,0.005488999999897715,0.004950495049504947,0.028293685817214087,False
811,0.014026999999941836,-0.0010742187499999797,0.03297386030171712,False
812,0.0051470000000790606,0.00557894736842105,0.029676474271545406,False
813,0.02591800000004696,-0.0028525641025640438,0.026708826844390868,False
814,0.016439999999875,-0.0016611295681062792,0.024037944159951776,False
815,0.013447000000041953,-0.0009311740890688088,0.0216341497439566,False
816,0.003176000000166823,0.012631578947368419,0.01947073476956094,False
817,0.003980999999839696,0.00876712328767123,0.017523661292604843,False
818,0.02112899999997353,-0.002382812499999951,0.021717304501910253,False
819,0.007676000000174099,0.0023357664233576605,0.01954557405171923,False
820,0.006182999999964522,0.00389380530973451,0.01759101664654731,False
821,0.009622000000035769,0.000809248554913291,0.01583191498189258,False
822,0.0046689999999216525,0.007256097560975607,0.014248723483703318,False
823,0.0009950000001026638,0.062000000000000006,0.012823851135332987,False
824,0.03097699999989345,-0.003195691202872465,0.011541466021799686,False
825,0.015096000000085041,-0.001134615384615363,0.010387319419619713,False
826,0.029952000000093904,-0.0031319702602229833,0.018466168787928262,False
827,0.028413000000000466,-0.0029655870445343515,0.016619551909135433,False
828,0.009600000000091313,0.0007428571428571391,0.014957596718221888,False
829,0.00817800000004354,-0.0117687074829932,0.07322217080764659,False
830,0.03534500000000662,-0.0034345794392522644,0.030043794608556263,False
831,0.00034800000003087916,0.1625,0.02703941514770064,False
832,0.03388099999983751,-0.0033388429752065417,0.024335473632930583,False
833,0.00825000000008913,0.0016999999999999964,0.02190192626963753,False
834,0.042024999999966894,-0.0036862745098038443,0.01971173364267378,False
835,0.004822999999987587,0.006551724137931031,0.017740560278406405,False
836,0.006595000000061191,0.0033057851239669386,0.015966504250565762,False
837,0.0003469999999197171,0.1625,0.014369853825509184,False
838,0.013400999999930718,-0.0008298755186721843,0.02174849056639059,False
839,0.0005099999998492422,0.10666666666666666,0.01957364150975153,False
840,0.018287000000100306,-0.0019452887537993527,0.01761627735877638,False
841,0.027818000000024767,-0.0029655870445343515,0.01585464962289874,False
842,0.005020999999942433,0.005923913043478258,0.022929375872028403,False
843,0.002889999999979409,0.013962264150943393,0.020636438284825566,False
844,0.0018709999999373395,0.024558823529411765,0.018572794456343012,False
845,0.00469899999984591,0.007256097560975607,0.016715515010708715,False
846,0.016497999999955937,-0.0016275167785234576,0.021040886063963194,False
847,0.0019059999999626598,0.023714285714285712,0.024661221635537203,False
848,0.003520999999864216,0.010703124999999997,0.022195099471983483,False
849,0.007432999999991807,0.00261363636363636,0.019975589524785134,False
850,0.014455999999881897,-0.0011641221374045579,0.03146447964766052,False
851,0.007107000000132757,0.0031707317073170695,0.028318031682894464,False
852,0.0010519999998450658,0.04789473684210527,0.025486228514605015,False
853,0.02242100000012215,-0.002542787286063518,0.02293760566314451,False
854,0.013924999999971988,-0.0010588235294117447,0.020643845096830062,False
855,0.006319999999959691,0.0036637931034482723,0.02432889834604677,False
856,0.0061709999999948195,0.003973214285714282,0.02189600851144209,False
857,0.0009969999998702406,0.050833333333333335,0.027828127768902245,False
858,0.013639000000011947,-0.0009311740890688088,0.03255967316786617,False
859,0.001103999999941152,0.04525,0.029303705851079553,False
860,0.0023469999998724234,0.018372093023255813,0.0263733352659716,False
861,0.005204000000048836,0.00557894736842105,0.023736001739374436,False
862,0.0039050000000315777,0.009154929577464785,0.02691703345585641,False
863,0.0016749999999774445,0.0285,0.02422533011027077,False
864,0.006683999999950174,0.0031707317073170695,0.0218027970992437,False
865,0.0005100000000766158,0.10666666666666666,0.01962251738931933,False
866,0.0003450000001521403,0.1625,0.017660265650387398,False
867,0.024430999999822234,-0.0026949541284403116,0.01589423908534866,False
868,0.008936000000176136,0.0012812499999999964,0.014304815176813791,False
869,0.0011139999999159045,0.04525,0.01287433365913241,False
870,0.0040909999997893465,0.008399999999999998,0.017825817272693834,False
871,0.002088000000185275,0.023714285714285712,0.01604323554542445,False
872,0.040380999999797496,-0.0036213991769546566,0.014438911990882009,False
873,0.01364200000011806,-0.0009799999999999818,0.01299502079179381,False
874,0.015159999999923457,-0.001318681318681293,0.011695518712614428,False
875,0.009071000000176355,0.0010909090909090873,0.010525966841352985,False
876,0.03168900000014219,-0.0032275132275131602,0.031682532507872785,False
877,0.013650000000097862,-0.0008811475409835905,0.02851427925708551,False
878,0.0008900000000267028,0.0578125,0.025662851331376958,False
879,0.0012630000001081498,0.03869565217391304,0.023096566198239268,False
880,0.009236999999984619,0.0009467455621301737,0.028639280578294537,False
881,0.0030520000000251457,0.013611111111111109,0.02577535252046508,False
882,0.0010859999999865977,0.04789473684210527,0.023197817268418575,False
883,0.002173999999968146,0.020124999999999997,0.020878035541576724,False
884,0.003821999999900072,0.00977941176470588,0.01879023198741905,False
885,0.0006189999999151041,0.08636363636363636,0.016911208788677145,False
886,0.026532000000088374,-0.0029062499999999397,0.015220087909809433,False
887,0.004370999999991909,0.007721518987341769,0.013698079118828489,False
888,0.0033479999999599386,0.011475409836065572,0.012328271206945641,False
889,0.031802999999854364,-0.0032612456747404166,0.017368763000213495,False
890,0.010620000000017171,0.00018041237113401677,0.015631886700192145,False
891,0.0163950000001023,-0.0016161616161615839,0.014068698030172933,False
892,0.0034070000001520384,0.011475409836065572,0.012661828227155636,False
893,0.02918099999988044,-0.0031001890359167597,0.01139564540444007,False
894,0.008390999999846827,0.0017905405405405368,0.010256080863996065,False
895,0.0033889999999701104,0.011475409836065572,0.009230472777596454,False
896,0.004245999999966443,0.008223684210526314,0.008307425499836808,False
897,0.004070000000183427,0.008399999999999998,0.007476682949853131,False
898,0.025167000000010376,-0.002781456953642327,0.0067290146548678155,False
899,0.01580300000000534,-0.0014736842105262868,0.00605611318938103,False
900,0.0007270000000971777,0.07230769230769231,0.005450501870442926,False
901,0.000559999999950378,0.0955,0.004905451683398632,False
902,0.00503500000013446,0.006043956043956041,0.00441490651505877,False
903,0.009642999999869062,0.0008430232558139497,0.003973415863552887,False
904,0.014550999999983105,-0.0012218045112781719,0.003576074277197594,False
905,0.003654999999980646,0.01046153846153846,0.00321846684947783,False
906,0.006221999999979744,0.00389380530973451,0.0028966201645300505,False
907,0.014293000000179745,-0.0009311740890688088,0.002606958148077043,False
908,0.016728999999941152,-0.0017156862745097694,0.0023462623332693336,False
909,0.004052000000001499,0.009154929577464785,0.0021116360999424047,False
910,0.0011680000000069413,0.04285714285714286,0.0019004724899481685,False
911,0.0031140000000959844,0.012946428571428569,0.0017104252409533506,False
912,0.041455000000041764,-0.0036195054945054187,0.008481625926677961,False
913,0.0024490000000696455,0.017333333333333333,0.00763346333401016,False
914,0.002549999999928332,0.016382978723404253,0.006870117000609144,False
915,0.009879999999839129,0.0006779661016949115,0.006183105300548231,False
916,0.004155999999966298,0.008399999999999998,0.005564794770493409,False
917,0.018031000000064523,-0.0019359756097560583,0.005008315293444066,False
918,0.0018310000000383297,0.025454545454545452,0.0045074837640996625,False
919,0.0060080000000652944,0.004305555555555552,0.004056735387689692,False
920,0.015932000000020707,-0.0014860139860139567,0.0036510618489207225,False
921,0.01301499999999578,-0.0006493506493506384,0.0032859556640286503,False
922,0.01512100000013561,-0.001089494163424104,0.00980034489079198,False
923,0.0032559999999648426,0.012631578947368419,0.008820310401712784,False
924,0.0030719999999746506,0.012946428571428569,0.007938279361541501,False
925,0.02108900000007452,-0.0023552631578946884,0.007144451425387355,False
926,0.0034700000001066655,0.010703124999999997,0.0064300062828486215,False
927,0.03019899999981135,-0.003169398907103759,0.0057870056545637595,False
928,0.011713999999983571,-9.756097560975727e-05,0.011893723732869866,False
929,0.003007000000025073,0.013272727272727271,0.010704351359582876,False
930,0.002512999999908061,0.017333333333333333,0.009633916223624583,False
931,0.005855000000110522,0.0044811320754716945,0.00867052460126212,False
932,0.001782000000048356,0.02640625,0.007803472141135904,False
933,0.009532000000035623,0.000710227272727269,0.007023124927022318,False
934,0.0008820000000469008,0.0578125,0.006320812434320089,False
935,0.014429000000063752,-0.0011494252873563,0.012340520007525925,False
936,0.0035940000000209693,0.009999999999999997,0.01110646800677333,False
937,0.005585999999993874,0.00557894736842105,0.009995821206096002,False
938,0.0020879999999579013,0.02144736842105263,0.008996239085486402,False
939,0.021143000000165557,-0.0023896103896103404,0.008096615176937761,False
940,0.00807000000008884,0.0018367346938775475,0.013826866903096913,False
941,0.04337000000009539,-0.0037294563843235625,0.02119266238291058,False
942,0.0040430000001379085,0.00876712328767123,0.019073396144619517,False
943,0.012445999999954438,-0.0005530973451327346,0.01716605653015756,False
944,0.00447600000006787,0.007562499999999997,0.021417989315741882,False
945,0.002713999999969019,0.015510204081632652,0.02737102445310634,False
946,0.0030890000000454165,0.012631578947368419,0.024633922007795708,False
947,0.007729000000153974,0.002178571428571425,0.02217052980701614,False
948,0.00043000000005122274,0.13857142857142857,0.01995347682631452,False
949,0.009270000000014988,0.0011656441717791373,0.03133259062775343,False
950,0.0005880000001070584,0.0955,0.028199331564978093,False
951,0.05004400000007081,-0.0038968166849614985,0.03280481832173878,False
952,0.005572999999913009,0.005049999999999996,0.029524336489564908,False
953,0.018640999999888663,-0.001963746223564915,0.02657190284060842,False
954,0.003918999999996231,0.009999999999999997,0.02391471255654758,False
955,0.014147999999977401,-0.001089494163424104,0.021523241300892827,False
956,0.07775100000003476,-0.004291255289139542,0.01937091717080355,False
957,0.007294999999885476,0.002730769230769227,0.023263457671962574,False
958,0.014013999999860971,-0.001089494163424104,0.028836859250450597,False
959,0.011342000000013286,-0.0001449275362318842,0.033306394357062584,False
960,0.0011559999998098647,0.04285714285714286,0.029975754921356325,False
961,0.007076999999981126,0.0027906976744186012,0.03213970686917524,False
962,0.00901800000019648,0.0010179640718562836,0.028925736182257723,False
963,0.0049579999999878055,0.006166666666666663,0.03338699216974533,False
964,0.005144000000200322,0.005691489361702124,0.030048292952770807,False
965,0.0020469999999477295,0.022916666666666665,0.02704346365749373,False
966,0.023022999999966487,-0.002512376237623711,0.02433911729174435,False
967,0.004195000000208893,0.008399999999999998,0.02742184117319002,False
968,0.018853000000035536,-0.0020699708454810072,0.02467965705587102,False
969,0.005478000000039174,0.005049999999999996,0.022211691350283915,False
970,0.0026970000001256267,0.015510204081632652,0.019990522215255525,False
971,0.0007290000000921282,0.07230769230769231,0.01799146999372997,False
972,0.002598000000034517,-0.026170212765957452,0.0799938139960802,False
973,0.029644999999845822,-0.003096590909090845,0.029876684875345373,False
974,0.022846999999956097,-0.002589928057553904,0.02688901638781084,False
975,0.0016369999998460116,0.0285,0.024200114749029757,False
976,0.01714100000003782,-0.001768488745980672,0.021780103274126786,False
977,0.008067999999866515,0.0017905405405405368,0.03951808270584034,False
978,0.006053000000065367,0.0044811320754716945,0.035566274435256305,False
979,0.001807000000098924,0.025454545454545452,0.03200964699173068,False
980,0.0023759999999128922,0.018372093023255813,0.02880868229255761,False
981,0.024209000000155356,-0.0026949541284403116,0.025927814063301847,False
982,0.002912000000151238,0.014705882352941175,0.028751580370983656,False
983,0.007861999999931868,0.0023897058823529375,0.025876422333885287,False
984,0.02201399999989917,-0.0024748743718592454,0.023288780100496755,False
985,0.005272000000104526,0.00557894736842105,0.020959902090447083,False
986,0.004723999999896478,0.006823529411764703,0.018863911881402375,False
987,0.04808200000002216,-0.0038474770642201025,0.016977520693262138,False
988,0.009266999999908876,0.0009117647058823492,0.01527976862393592,False
989,0.003944999999930587,0.009154929577464785,0.02234404399000092,False
990,0.008411000000023705,0.0015686274509803884,0.02010963959100083,False
991,0.0029289999999946303,0.013611111111111109,0.0262628078765199,False
992,0.0016379999999571737,0.0285,0.02363652708886791,False
993,0.002392999999983658,0.020124999999999997,0.02683377317338245,False
994,0.015084999999999127,-0.001277777777777753,0.03172004478449019,False
995,0.001855999999861524,0.025454545454545452,0.02854804030604117,False
996,0.01901699999984885,-0.0019910179640718157,0.033074256580058616,False
997,0.035540999999966516,-0.003439440993788748,0.029766830922052758,False
998,0.004676000000017666,0.006823529411764703,0.034069777004965496,False
999,0.002459000000044398,0.017333333333333333,0.030662799304468948,False
1000,0.009579999999914435,0.0008430232558139497,0.034802773502867104,False
1001,0.00420799999983501,0.00805194805194805,0.03132249615258039,False
1002,0.005914999999959036,0.004392523364485978,0.028190246537322352,False
1003,0.0015649999998004205,0.03365384615384615,0.025371221883590114,False
1004,0.008098000000018146,0.0017905405405405368,0.022834099695231105,False
1005,0.002888999999868247,0.013962264150943393,0.020550689725707994,False
1006,0.008510999999998603,0.00291338582677165,0.0184956207531372,False
1007,0.001029000000016822,0.07875,0.016646058677823483,False
1008,0.0038449999999556894,0.015510204081632652,0.01498145281004113,False
1009,0.011352999999871827,0.0004918032786885208,0.013483307529037016,False
1010,0.0007869999999456923,0.0667857142857143,0.01213497677613331,False
1011,0.0011600000000271393,0.04285714285714286,0.010921479098519982,False
1012,0.0010270000000218715,0.050833333333333335,0.009829331188667979,False
1013,0.0025740000000951113,0.017333333333333333,0.008846398069801175,False
1014,0.028845999999930427,-0.0030294117647058196,0.007961758262821061,False
1015,0.007691000000022541,0.0021276595744680817,0.007165582436538954,False
1016,0.0007769999999709398,0.0667857142857143,0.006449024192885056,False
1017,0.0004739999999401334,0.120625,0.005804121773596549,False
1018,0.009220000000141226,0.0009821428571428533,0.005223709596236892,False
1019,0.013913000000002285,-0.0009799999999999818,0.004701338636613206,False
1020,0.013477999999849999,-0.0005333333333333249,0.004231204772951891,False
1021,0.029824999999846113,-0.003114446529080611,0.0038080842956567,False
1022,0.0010970000000725122,0.04789473684210527,0.0034272758660910288,False
1023,0.003435000000081345,0.01095238095238095,0.003084548279481925,False
1024,0.01265600000010636,-0.0006304347826086851,0.0027760934515337343,False
1025,0.007352999999966414,0.0025563909774436056,0.002498484106380361,False
1026,0.0017080000000078144,0.0285,0.0022486356957423293,False
1027,0.012359000000060405,-0.00043181818181817563,0.0020237721261681,False
1028,0.004967999999962558,0.006043956043956041,0.011630144108867436,False
1029,0.0024570000000494474,0.017333333333333333,0.016784430619122048,False
1030,0.011689000000160377,-9.756097560975727e-05,0.015105987557209844,False
1031,0.00448299999993651,0.007256097560975607,0.02222917816930403,False
1032,0.0344830000001366,-0.003365853658536515,0.025655822127707475,False
1033,0.003840000000082,0.010227272727272724,0.02309023991493673,False
1034,0.006943999999975858,0.0029761904761904726,0.020781215923443053,False
1035,0.0018049999998765998,0.025454545454545452,0.031966190265559025,False
1036,0.002227999999831809,0.01951219512195122,0.035864727905566156,False
1037,0.00596199999995406,0.0044811320754716945,0.032278255115009535,False
1038,0.020308999999997468,-0.0022615803814713432,0.02905042960350859,False
1039,0.002217000000200642,0.02216216216216216,0.03136520957813669,False
1040,0.024738000000070315,-0.002771618625277105,0.028228688620323017,False
1041,0.010336000000052081,0.0006779661016949115,0.025405819758290718,False
1042,0.004924999999957436,0.006166666666666663,0.022865237782461648,False
1043,0.0037210000000413856,0.009999999999999997,0.028497776084940196,False
1044,0.00035099999990961805,0.1625,0.02564799847644618,False
1045,0.007442000000082771,0.002444444444444441,0.030756649511136405,False
1046,0.024419000000079905,-0.002731376975169244,0.02768098456002276,False
1047,0.006760999999869455,0.0031707317073170695,0.024912886104020482,False
1048,0.009473999999954685,0.0008771929824561366,0.02242159749361843,False
1049,0.0028420000001005974,0.014326923076923074,0.020179437744256592,False
1050,0.0016439999999420252,0.0285,0.018161493969830935,False
1051,0.0005449999998745625,0.10666666666666666,0.016345344572847843,False
1052,0.03588099999979022,-0.0034679878048779764,0.014710810115563057,False
1053,0.004497000000128537,0.007884615384615382,0.013239729104006748,False
1054,0.043580999999903725,-0.0032053571428570763,0.02071443421582443,False
1055,0.025347000000010667,-0.0013586956521738866,0.018642990794241986,False
1056,0.0049359999998159765,0.009999999999999997,0.025119089022152843,False
1057,0.005326000000195563,0.005255102040816324,0.022607180119937554,False
1058,0.002295999999887499,0.018928571428571427,0.0203464621079438,False
1059,0.016143000000056418,-3.3140985809706165e-18,0.02649978253225941,False
1060,0.01001999999994041,0.0007758620689655134,0.023849804279033472,False
1061,0.001575999999886335,0.030892857142857142,0.021464823851130122,False
1062,0.0076469999999062566,0.0022302158273381258,0.01931834146601711,False
1063,0.011054000000058295,-3.3140985809706165e-18,0.017386507319415403,False
1064,0.007511999999906038,0.002444444444444441,0.021602506626350694,False
1065,0.0029319999998733692,0.013962264150943393,0.019442255963715627,False
1066,0.001038000000107786,0.050833333333333335,0.017498030367344066,False
1067,0.004237999999986641,0.007884615384615382,0.021695851417466983,False
1068,0.0012659999999868887,0.03869565217391304,0.019526266275720284,False
1069,0.016812999999956446,-0.001638795986622041,0.017573639648148256,False
1070,0.0013349999999263673,0.036875,0.015816275683333426,False
1071,0.009600999999975102,0.0008771929824561366,0.022830656827670916,False
1072,0.012445999999954438,-0.00043181818181817563,0.026159259764760558,False
1073,0.0020930000000589644,0.02144736842105263,0.023543333788284507,False
1074,0.008729000000130327,0.0012422360248447169,0.021189000409456052,False
1075,0.0206630000000132,-0.0022983870967741462,0.019070100368510447,False
1076,0.025274000000081287,-0.0028340517241378727,0.017163090331659404,False
1077,0.00366400000007161,0.011749999999999998,0.015446781298493462,False
1078,0.023340999999845735,-0.0026071428571428036,0.01390210316864412,False
1079,0.0037110000000666332,0.009999999999999997,0.012511892851779706,False
1080,0.0024069999999483116,0.017840909090909088,0.011260703566601738,False
1081,0.014565999999831547,-0.0011787072243345782,0.010134633209941568,False
1082,0.04214100000012877,-0.0036931079323796363,0.015532687996721096,False
1083,0.008502000000135013,0.0016118421052631541,0.013979419197048981,False
1084,0.0060090000001764565,0.004305555555555552,0.01258147727734409,False
1085,0.007493999999951484,0.0023897058823529375,0.011323329549609684,False
1086,0.025631999999859545,-0.002838709677419296,0.010190996594648716,False
1087,0.0016340000001946464,0.029655172413793104,0.009171896935183844,False
1088,0.024089999999887368,-0.0025841346153845624,0.00825470724166546,False
1089,0.0022950000000037107,0.018928571428571427,0.007429236517498917,False
1090,0.006609999999909633,0.0033749999999999965,0.006686312865749023,False
1091,0.004527999999936583,0.007721518987341769,0.006017681579174117,False
1092,0.033140000000003056,-0.0033249999999999304,0.005415913421256702,False
1093,0.002077999999983149,0.02144736842105263,0.004874322079131033,False
1094,0.010520000000042273,0.00026178010471203806,0.011129807580232676,False
1095,0.0018359999999120191,0.027419354838709678,0.010016826822209413,False
1096,0.02393700000015997,-0.002640845070422481,0.009015144139988473,False
1097,0.001270999999860578,0.03869565217391304,0.008113629725989625,False
1098,0.036734000000024025,-0.0034585889570551425,0.007302266753390663,False
1099,0.01686599999993632,-0.0014361702127659293,0.01591085218198791,False
1100,0.005402000000003682,0.00557894736842105,0.014319766963789116,False
1101,0.0022429999999076244,0.01951219512195122,0.012887790267410205,False
1102,0.02163499999983287,-0.00240979381443294,0.011599011240669189,False
1103,0.000678000000107204,0.07875,0.01043911011660227,False
1104,0.00377200000002631,0.00977941176470588,0.009395199104942043,False
1105,0.0005980000000818109,0.0955,0.017629926617290126,False
1106,0.004509999999982028,0.007562499999999997,0.024230441302018926,False
1107,0.0011589999999159772,0.04285714285714286,0.021807397171817035,False
1108,0.004153999999971347,0.008581081081081078,0.027557479774156148,False
1109,0.005466999999953259,0.004950495049504947,0.024801731796740535,False
1110,0.0008310000000619766,0.062000000000000006,0.027809049513871833,False
1111,0.008804000000054657,0.0012812499999999964,0.025028144562484644,False
1112,0.04154700000003686,-0.0036635638297871573,0.02799855699879965,False
1113,0.013713000000052489,-0.001011904761904743,0.02519870129891969,False
1114,0.0029050000000552245,0.013962264150943393,0.022678831169027726,False
1115,0.012844000000086453,-0.00043181818181817563,0.020410948052124955,False
1116,0.0029289999999946303,0.013962264150943393,0.01836985324691246,False
1117,0.0312619999999697,-0.003211743772241926,0.01653286792222122,False
1118,0.005401000000119893,0.00557894736842105,0.014879581129999098,False
1119,0.0023170000001755398,0.018928571428571427,0.013391623016999189,False
1120,0.016773000000057436,-0.0015224913494809387,0.018258788465228326,False
1121,0.002892999999858148,0.015937499999999997,0.016432909618705496,False
1122,0.003724999999803913,0.009565217391304346,0.014789618656834947,False
1123,0.007626000000072963,0.00261363636363636,0.013310656791151454,False
1124,0.0008389999998144049,0.062000000000000006,0.01819101973419376,False
1125,0.0010480000000825385,0.04789473684210527,0.02227588351752017,False
1126,0.010064000000056694,0.0006779661016949115,0.02004829516576815,False
1127,0.013093999999910011,-0.0007773109243697341,0.018043465649191338,False
1128,0.008552000000008775,0.0015686274509803884,0.016239119084272204,False
1129,0.003658999999970547,0.009999999999999997,0.01461520717584498,False
1130,0.0050630000000637665,0.005806451612903223,0.019282928406182256,False
1131,0.013211999999839463,-0.0007234042553191364,0.017354635565564026,False
1132,0.03532299999983479,-0.0033443163097198643,0.02391390545758795,False
1133,0.022166000000197528,-0.0023963730569947694,0.02152251491182915,False
1134,0.015014999999948486,-0.001011904761904743,0.02730636355400634,False
1135,0.0014160000000629225,0.054117647058823534,0.024575727198605703,False
1136,0.0013400000000274304,0.07875,0.022118154478745135,False
1137,0.0013410000001385924,0.054117647058823534,0.019906339030870624,False
1138,0.009859999999889624,0.0012422360248447169,0.017915705127783565,False
1139,0.010878000000047905,0.0011656441717791373,0.016124134615005215,False
1140,0.013218000000051688,-0.0006304347826086851,0.014511721153504699,False
1141,0.01848899999981768,-0.0019999999999999593,0.019196310605483425,False
1142,0.009362000000010084,0.0008771929824561366,0.017276679544935083,False
1143,0.0018969999998716958,0.024558823529411765,0.015549011590441576,False
1144,0.009784000000081505,0.0006145251396648007,0.013994110431397422,False
1145,0.01061800000002222,0.00020725388601035885,0.018763070431079644,False
1146,0.008433000000195534,0.0014423076923076887,0.01688676338797168,False
1147,0.0047529999999369466,0.006964285714285711,0.023579972375473147,False
1148,0.0027199999999538704,0.015099999999999997,0.02122197513792583,False
1149,0.001423000000158936,0.03365384615384615,0.019099777624133254,False
1150,0.02175600000009581,-0.0024230769230768733,0.017189799861719923,False
1151,0.011344000000008236,-0.00012135922330097152,0.015470819875547926,False
1152,0.0015800000001036096,0.0352,0.013923737887993138,False
1153,0.011303999999881853,0.0003174603174603136,0.012531364099193821,False
1154,0.004932999999937238,0.007256097560975607,0.037705841378016074,False
1155,0.016869000000042433,-0.0016275167785234576,0.03393525724021447,False
1156,0.007145000000036816,0.002730769230769227,0.030541731516193018,False
1157,0.00452299999983552,0.007884615384615382,0.027487558364573717,False
1158,0.01585600000021259,-0.0015344827586206593,0.024738802528116347,False
1159,0.003805999999940468,0.00977941176470588,0.022264922275304713,False
1160,0.013350000000173168,-0.0009146341463414467,0.02003843004777424,False
1161,0.00906000000009044,0.0009821428571428533,0.01803458704299681,False
1162,0.0005070000001978769,0.10666666666666666,0.016231128338697134,False
1163,0.04060400000003028,-0.0036213991769546566,0.014608015504827421,False
1164,0.004280999999991764,0.007721518987341769,0.013147213954344684,False
1165,0.02898800000002666,-0.003078393881453091,0.011832492558910213,False
1166,0.00479999999993197,0.006686046511627904,0.010649243303019196,False
1167,0.0015420000001995504,0.030892857142857142,0.018528150814528632,False
1168,0.03575999999998203,-0.003437013996889508,0.01667533573307577,False
1169,0.0023599999999532884,0.018928571428571427,0.015007802159768192,False
1170,0.008131999999932304,0.0018367346938775475,0.019611530407725977,False
1171,0.005578000000014072,0.004757281553398055,0.031045002167032133,False
1172,0.011314000000083979,5.0251256281403174e-05,0.027940501950328923,False
1173,0.0009979999999814027,0.050833333333333335,0.02514645175529603,False
1174,0.001320999999961714,0.036875,0.022631806579766423,False
1175,0.003636000000142303,0.009999999999999997,0.020368625921789785,False
1176,0.02300399999990077,-0.002572463768115889,0.01833176332961081,False
1177,0.011062000000038097,-3.3140985809706165e-18,0.016498586996649724,False
1178,0.022703999999976077,-0.002560679611650433,0.014848728296984748,False
1179,0.02384400000005371,-0.002512376237623711,0.013363855467286268,False
1180,0.000678000000107204,0.07875,0.020787729944848756,False
1181,0.03190700000004654,-0.0032612456747404166,0.018708956950363877,False
1182,0.005399000000124943,0.00557894736842105,0.03735359965698416,False
1183,0.002928000000110842,0.013962264150943393,0.033618239691285745,False
1184,0.009030999999822598,0.0011656441717791373,0.030256415722157173,False
1185,0.016945000000077926,-0.0017475728155339455,0.02723077414994145,False
1186,0.014191999999866312,-0.0010588235294117447,0.024507696734947307,False
1187,0.003560000000106811,0.01095238095238095,0.02205692706145257,False
1188,0.00409100000001672,0.009154929577464785,0.019851234355307314,False
1189,0.002624999999852662,0.015937499999999997,0.01786611091977658,False
1190,0.0007630000000062864,0.07875,0.016079499827798927,False
1191,0.003961000000117565,0.00895833333333333,0.020508541355867705,False
1192,0.029774000000088563,-0.003152573529411699,0.01845768722028094,False
1193,0.004161999999951149,0.009357142857142854,0.01661191849825284,False
1194,0.027967999999873427,-0.002981927710843312,0.01495072664842756,False
1195,0.0010099999999511056,0.050833333333333335,0.013455653983584804,False
1196,0.002188000000160173,0.020124999999999997,0.01211008858522632,False
1197,0.0019210000000384753,0.023714285714285712,0.010899079726703688,False
1198,0.0021850000000540604,0.020124999999999997,0.00980917175403332,False
1199,0.050953999999819644,-0.003899233296823576,0.00882825457862999,False
1200,0.011805999999978667,-0.000303738317757006,0.007945429120766989,False
1201,0.0025820000000749133,-0.026630434782608698,0.08623237932920488,False
1202,0.0042049999999562715,0.00805194805194805,0.01370032417408197,False
1203,0.0025410000000647415,0.017333333333333333,0.012330291756673772,False
1204,0.018261999999822365,-0.001737012987012952,0.01737045420033595,False
1205,0.01953600000001643,-0.0021610169491524983,0.01563340878030235,False
1206,0.007970000000113941,0.00261363636363636,0.01407006790227211,False
1207,0.0017890000001443696,0.0285,0.018826646834201755,False
1208,0.0050369999999020365,0.006964285714285711,0.02525776627545802,False
1209,0.0007829999999557913,0.0667857142857143,0.02273198964791221,False
1210,0.00807000000008884,0.001931034482758617,0.020458790683120988,False
1211,0.009717999999793392,0.000809248554913291,0.02417400780177227,False
1212,0.004870000000209984,0.006292134831460671,0.021756607021595042,False
1213,0.010051999999859618,0.00046195652173912664,0.019580946319435546,False
1214,0.018225999999913256,-0.001277777777777753,0.017622851687491992,False
1215,0.014730999999983396,-0.000897959183673453,0.01586056651874279,False
1216,0.001485000000002401,0.03222222222222222,0.022858659338768274,False
1217,0.06516000000010536,-0.004139554794520461,0.028463027270535148,False
1218,0.003332999999884123,0.011475409836065572,0.025616724543481628,False
1219,0.005778999999847656,0.004757281553398055,0.02849119844289413,False
1220,0.001393000000007305,0.036875,0.03777041726800743,False
1221,0.0027039999999942665,0.016382978723404253,0.03399337554120668,False
1222,0.0007860000000619038,0.0667857142857143,0.03059403798708602,False
1223,0.03635899999994763,-0.003474962063732856,0.027534634188377417,False
1224,0.001055000000178552,0.04789473684210527,0.024781170769539673,False
1225,0.007327999999915846,0.00261363636363636,0.022303053692585707,False
1226,0.008451000000150088,0.00261363636363636,0.02007274832332714,False
1227,0.022665999999844644,-0.0025665859564164123,0.026227734386305747,False
1228,0.0014909999999872525,0.03222222222222222,0.02900261368133791,False
1229,0.009888999999930093,0.000710227272727269,0.026102352313204114,False
1230,0.003647000000000844,0.010227272727272724,0.0234921170818837,False
1231,0.009778999999980442,0.0006779661016949115,0.02114290537369533,False
1232,0.0020839999999680003,0.02144736842105263,0.0190286148363258,False
1233,0.0025069999999232095,0.016847826086956518,0.01712575335269322,False
1234,0.01615500000002612,-0.0014736842105262868,0.015413178017423902,False
1235,0.0004740000001675071,0.13857142857142857,0.013871860215681509,False
1236,0.010350000000016735,0.0004918032786885208,0.021160161970974634,False
1237,0.0008339999999407155,0.062000000000000006,0.019044145773877176,False
1238,0.010275000000092405,0.0003174603174603136,0.025292861899259746,False
1239,0.00753900000017893,0.0023897058823529375,0.022763575709333773,False
1240,0.010032999999793901,0.0005524861878453001,0.0204872181384004,False
1241,0.021388999999999214,-0.002403100775193749,0.01843849632456036,False
1242,0.01784599999996317,-0.0017263843648208123,0.01659464669210432,False
1243,0.012416999999913969,-0.0005133928571428492,0.020939719281291316,False
1244,0.0025099999998019484,0.017333333333333333,0.024576545038440825,False
1245,0.009972000000061598,0.0007758620689655134,0.02762056819717497,False
1246,0.026589999999941938,-0.0028797468354429786,0.02485851137745747,False
1247,0.003205000000207292,0.01232758620689655,0.02237266023971173,False
1248,0.011167999999997846,-3.3140985809706165e-18,0.020135394215740555,False
1249,0.001382999999805179,0.0352,0.018121854794166503,False
1250,0.00966300000004594,0.0007428571428571391,0.016309669314749854,False
1251,0.006418999999823427,0.003739130434782605,0.014678702383274867,False
1252,0.004828999999972439,0.006292134831460671,0.013210832144947383,False
1253,0.00751799999989089,0.0024999999999999966,0.01188974893045265,False
1254,0.01499599999988277,-0.001305147058823504,0.010700774037407379,False
1255,0.012545000000045547,-0.0006304347826086851,0.009630696633666648,False
1256,0.011204000000134329,5.0251256281403174e-05,0.00866762697029998,False
1257,0.001270999999860578,0.03869565217391304,0.007800864273269981,False
1258,0.02568199999996068,-0.0027002288329518896,0.016253201667573436,False
1259,0.004783999999972366,0.0064204545454545426,0.014627881500816087,False
1260,0.019596999999976106,-0.0022083333333332883,0.01316509335073448,False
1261,0.006184999999959473,0.004392523364485978,0.026222843807455234,False
1262,0.005601000000069689,0.006043956043956041,0.028998520266840036,False
1263,0.0010769999998956337,0.054117647058823534,0.026098668240156032,False
1264,0.005305000000134896,0.005255102040816324,0.023488801416140428,False
1265,0.0018540000000939472,0.024558823529411765,0.021139921274526387,False
1266,0.0021990000000187138,0.02216216216216216,0.024744114106778594,False
1267,0.005674999999882857,0.004757281553398055,0.04325994041726847,False
1268,0.0005109999999604042,0.10666666666666666,0.043258570129253715,False
1269,0.014953000000105021,-0.0012639405204460722,0.038932713116328344,False
1270,0.00847099999987222,0.0014838709677419317,0.041516127781385616,False
1271,0.00358900000014728,0.011209677419354837,0.037364515003247056,False
1272,0.017026999999870895,-0.0016611295681062792,0.033628063502922356,False
1273,0.005276000000094427,0.00557894736842105,0.03026525715263012,False
1274,0.0015149999999266583,0.03365384615384615,0.027238731437367103,False
1275,0.009638999999879161,0.0007758620689655134,0.03679676130463077,False
1276,0.019455000000107248,-0.002128571428571385,0.03311708517416769,False
1277,0.006254000000126325,0.0038157894736842073,0.029805376656750926,False
1278,0.004536000000143758,0.007256097560975607,0.02682483899107584,False
1279,0.026673999999957232,-0.0029018789144049503,0.02414235509196826,False
1280,0.0015459999999620777,0.030892857142857142,0.021728119582771432,False
1281,0.009356000000025233,0.0010909090909090873,0.01955530762449429,False
1282,0.010080000000016298,0.0004918032786885208,0.01759977686204486,False
1283,0.011518999999907464,2.4999999999996135e-05,0.015839799175840375,False
1284,0.004252999999835083,0.007884615384615382,0.014255819258256343,False
1285,0.005204999999932625,0.005806451612903223,0.012830237332430706,False
1286,0.0014139999998405983,0.0352,0.011547213599187634,False
1287,0.002032999999983076,0.02216216216216216,0.01039249223926887,False
1288,0.00910399999997935,0.0009821428571428533,0.009353243015341984,False
1289,0.01231299999994917,-0.00047297297297296587,0.008417918713807782,False
1290,0.0007780000000821019,0.0667857142857143,0.007576126842427,False
1291,0.0016259999999874708,0.0285,0.006818514158184297,False
1292,0.0009300000001530861,0.054117647058823534,0.006136662742365862,False
1293,0.02469799999994393,-0.0027210884353740935,0.012186386715360221,False
1294,0.0018840000000182044,0.024558823529411765,0.0109677480438242,False
1295,0.014652999999952954,-0.0012075471698112976,0.009870973239441784,False
1296,0.002571999999872787,0.016382978723404253,0.008883875915497608,False
1297,0.009504999999990105,0.000809248554913291,0.007995488323947853,False
1298,0.01382899999998699,-0.0008811475409835905,0.007195939491553072,False
1299,0.014838999999938096,-0.0012359550561797513,0.0217383779908209,False
1300,0.0006779999998798303,0.07875,0.01956454019173881,False
1301,0.006543999999848893,0.004950495049504947,0.01760808617256493,False
1302,0.010246000000051936,0.0004032258064516091,0.015847277555308438,False
1303,0.010108999999829393,0.0006145251396648007,0.01426254979977759,False
1304,0.002835000000004584,0.014705882352941175,0.012836294819799832,False
1305,0.008983999999827574,0.0012422360248447169,0.011552665337819845,False
1306,0.007462000000032276,0.0023897058823529375,0.010397398804037861,False
1307,0.020927000000028784,-0.002341269841269793,0.009357658923634072,False
1308,0.0038749999998799467,0.009565217391304346,0.008421893031270666,False
1309,0.0021349999999529246,0.02076923076923077,0.0075797037281436054,False
1310,0.006515999999919586,0.0035897435897435863,0.006821733355329241,False
1311,0.0005639999999402789,0.0955,0.00613956001979632,False
1312,0.013956999999891195,-0.0009311740890688088,0.014950418433754354,False
1313,0.025446999999985565,-0.00284334763948492,0.013455376590378921,False
1314,0.006219999999984793,0.00389380530973451,0.012109838931341033,False
1315,0.00327200000015182,0.012033898305084743,0.010898855038206935,False
1316,0.02098200000000361,-0.0023482849604221155,0.009808969534386237,False
1317,0.014280999999982669,-0.001134615384615363,0.00882807258094761,False
1318,0.0321240000000671,-0.0032582322357018385,0.014439096750253145,False
1319,0.02581400000008216,-0.0027516778523489368,0.027162259493218124,False
1320,0.0014489999998659187,0.03365384615384615,0.02444603354389631,False
1321,0.0009880000000066502,0.054117647058823534,0.022001430189506677,False
1322,0.0034359999999651336,0.01095238095238095,0.02776017655137504,False
1323,0.01745400000004338,-0.001768488745980672,0.02498415889623753,False
1324,0.011479999999892243,-0.00016826923076923038,0.02248574300661378,False
1325,0.010963000000174361,7.57575757575719e-05,0.020237168705952404,False
1326,0.008876000000100248,0.0012037037037036999,0.018213451835357164,False
1327,0.006847000000107073,0.0033057851239669386,0.016392106651821448,False
1328,0.016420000000152868,-0.0016161616161615839,0.020770193267574556,False
1329,0.022635999999920386,-0.0025487804878048257,0.026778035706820216,False
1330,0.017043000000057873,-0.0017475728155339455,0.02410023213613819,False
1331,0.0119560000000547,-0.0004109589041095833,0.02722189429794766,False
1332,0.025159000000030574,-0.00281521739130429,0.024499704868152894,False
1333,0.002072999999882086,0.02216216216216216,0.022049734381337605,False
1334,0.006325000000060754,0.0038157894736842073,0.019844760943203844,False
1335,0.02521200000001045,-0.0028199566160520026,0.023660064909461622,False
1336,0.03773100000012164,-0.003537117903930057,0.021294058418515463,False
1337,0.0037989999998444546,0.01095238095238095,0.019164652576663912,False
1338,0.013262999999824387,-0.0006113537117903828,0.01724818731899752,False
1339,0.0013739999999415886,0.036875,0.015523368587097776,False
1340,0.0149140000000898,-0.0012359550561797513,0.013971031728387996,False
1341,0.017910999999912747,-0.0019359756097560583,0.012573928555549197,False
1342,0.005965999999943961,0.004392523364485978,0.01131653569999428,False
1343,0.00708600000007209,0.0026717557251908363,0.010184882129994854,False
1344,0.0007800000000770524,0.0667857142857143,0.009166393916995363,False
1345,0.008577999999943131,0.0017449664429530164,0.008249754525295827,False
1346,0.01037399999995614,0.0005833333333333296,0.016668027935461915,False
1347,0.0012239999998655549,0.04285714285714286,0.021001139381981615,False
1348,0.02902900000003683,-0.003037109374999937,0.01890102544378345,False
1349,0.024710000000141008,-0.002741573033707809,0.022870158296446744,False
1350,0.01358499999992091,-0.0009475806451612728,0.020583142466802064,False
1351,0.0012639999999919382,0.03869565217391304,0.01852482822012186,False
1352,0.018434000000070228,-0.001778846153846118,0.01667234539810967,False
1353,0.013341999999965992,-0.0008124999999999854,0.015005110858298698,False
1354,0.032350000000178625,-0.0032908163265305437,0.022144000326848524,False
1355,0.030169999999998254,-0.0031214953271027387,0.02795221562429695,False
1356,0.0011719999999968422,0.04789473684210527,0.025156994061867256,False
1357,0.005458999999973457,0.005360824742268038,0.022641294655680533,False
1358,0.006754999999884603,0.0033057851239669386,0.02037716519011248,False
1359,0.0057990000000245345,0.004663461538461535,0.026523211681800885,False
1360,0.0024949999999535066,0.016847826086956518,0.03150228516940542,False
1361,0.005652000000054613,0.004663461538461535,0.028352056652464874,False
1362,0.0095969999999852,0.0009117647058823492,0.03298401607755391,False
1363,0.0014280000000326254,0.03365384615384615,0.02968561446979852,False
1364,0.008609999999862339,0.0014423076923076887,0.02671705302281866,False
1365,0.010627000000113185,0.0002894736842105225,0.02404534772053679,False
1366,0.009225000000014916,0.0010909090909090873,0.021640812948483114,False
1367,0.026096999999936088,-0.0028797468354429786,0.019476731653634807,False
1368,0.0011940000001686712,0.04285714285714286,0.017529058488271323,False
1369,0.00040399999988949276,0.13857142857142857,0.015776152639444187,False
1370,0.016869000000042433,-0.0017475728155339455,0.014198537375499766,False
1371,0.007965000000012878,0.0020279720279720243,0.012778683637949784,False
1372,0.008000000000038199,0.0018367346938775475,0.011500815274154808,False
1373,0.013380000000097425,-0.0008471074380165136,0.010350733746739327,False
1374,0.014538000000129614,-0.0010742187499999797,0.018317902865245983,False
1375,0.03387699999984761,-0.0033790322580644454,0.01648611257872139,False
1376,0.02186699999992925,-0.002455696202531595,0.014837501320849256,False
1377,0.009843000000046231,0.0006779661016949115,0.01335375118876433,False
1378,0.010374999999839929,0.00023437499999999617,0.012018376069887893,False
1379,0.010665999999901032,0.00026178010471203806,0.010816538462899107,False
1380,0.002896999999848049,0.014326923076923074,0.009734884616609197,False
1381,0.01303900000016256,-0.0006866952789699453,0.015198098424101893,False
1382,0.005730999999968844,0.004663461538461535,0.0136782885816917,False
1383,0.003800999999839405,0.00977941176470588,0.012310459723522528,False
1384,0.0008350000000518776,0.062000000000000006,0.011079413751170275,False
1385,0.0007789999999658903,0.0667857142857143,0.009971472376053248,False
1386,0.01902499999982865,-0.0020869565217390878,0.01803604490001185,False
1387,0.005345000000033906,0.00557894736842105,0.01623244041001066,False
1388,0.0015369999998711137,0.030892857142857142,0.014609196369009592,False
1389,0.0014269999999214633,0.03365384615384615,0.013148276732108633,False
1390,0.015951000000086424,-0.0015104166666666367,0.026222481753197892,False
1391,0.016939999999976862,-0.001778846153846118,0.023600233577878105,False
1392,0.0041969999999764696,0.009154929577464785,0.021240210220090296,False
1393,0.007319999999936044,0.0025563909774436056,0.01911618919808127,False
1394,0.0036869999998998537,0.009999999999999997,0.017204570278273146,False
1395,0.013758000000052562,-0.0008471074380165136,0.015484113250445831,False
1396,0.005315999999993437,0.005468749999999997,0.013935701925401245,False
1397,0.005762000000004264,0.004571428571428568,0.012542131732861117,False
1398,0.009336000000075728,0.0008430232558139497,0.011287918559575005,False
1399,0.028970000000072105,-0.002927835051546331,0.010159126703617505,False
1400,0.0024019999998472485,0.017840909090909088,0.009143214033255754,False
1401,0.022588000000041575,-0.0025547445255473928,0.008228892629930174,False
1402,0.008788000000095053,0.0012422360248447169,0.007406003366937153,False
1403,0.01615500000002612,-0.001546391752577289,0.006665403030243433,False
1404,0.008827999999994063,0.0012812499999999964,0.00599886272721909,False
1405,0.0005100000000766158,0.10666666666666666,0.0053989764544971845,False
1406,0.0041220000000521395,0.008399999999999998,0.004859078809047468,False
1407,0.00034800000003087916,0.1625,0.004373170928142722,False
1408,0.004376999999976761,0.007562499999999997,0.013518809934582189,False
1409,0.006088999999974476,0.004220183486238528,0.012166928941123967,False
1410,0.00748699999985547,0.0023357664233576605,0.010950236047011576,False
1411,0.011370000000169966,0.00034574468085106,0.009855212442310413,False
1412,0.005579000000125234,0.005255102040816324,0.008869691198079366,False
1413,0.0029640000000199507,0.013962264150943393,0.017165627385799333,False
1414,0.00888899999995374,0.0014012738853503147,0.015449064647219402,False
1415,0.0010980000001836743,0.04789473684210527,0.013904158182497461,False
1416,0.003044999999929132,0.012946428571428569,0.012513742364247717,False
1417,0.001972999999907188,0.022916666666666665,0.02012076544622539,False
1418,0.002491999999847394,0.017840909090909088,0.018108688901602842,False
1419,0.015088999999989028,-0.0012499999999999757,0.016297820011442556,False
1420,0.0026119999999991705,0.016847826086956518,0.014668038010298302,False
1421,0.0012469999999211723,0.04068181818181818,0.013201234209268477,False
1422,0.005883000000039829,0.004392523364485978,0.011881110788341632,False
1423,0.021208000000115135,-0.0023552631578946884,0.010692999709507468,False
1424,0.003967999999986205,0.00876712328767123,0.009623699738556724,False
1425,0.008452999999917665,0.0018367346938775475,0.008661329764701053,False
1426,0.0011630000001332519,0.04285714285714286,0.007795196788230952,False
1427,0.0027659999998377316,0.015510204081632652,0.007015677109407859,False
1428,0.0015439999999671272,0.030892857142857142,0.006314109398467072,False
1429,0.0010479999998551648,0.04789473684210527,0.005682698458620361,False
1430,0.0019079999999576103,0.024558823529411765,0.005114428612758327,False
1431,0.0008940000000166037,0.062000000000000006,0.004602985751482491,False
1432,0.008409999999912543,0.0014838709677419317,0.013741198872299076,False
1433,0.012879000000111773,-0.0007415254237288006,0.012367078985069169,False
1434,0.01717600000006314,-0.0018196202531645203,0.011130371086562252,False
1435,0.004517000000078042,0.007108433734939756,0.01001733397790603,False
1436,0.0052249999998821295,0.005468749999999997,0.009015600580115425,False
1437,0.013128000000051543,-0.0007949790794978937,0.008114040522103882,False
1438,0.008502000000135013,0.0015686274509803884,0.013841451917000959,False
1439,0.026000000000067303,-0.002897489539748894,0.012457306725300866,False
1440,0.0005070000001978769,0.10666666666666666,0.011211576052770778,False
1441,0.012249999999994543,-0.00047297297297296587,0.016434089156169143,False
1442,0.002500999999938358,0.016847826086956518,0.02080533262371357,False
1443,0.010644999999840365,0.00018041237113401677,0.018724799361342217,False
1444,0.002686000000039712,0.015510204081632652,0.016852319425207995,False
1445,0.005087000000003172,0.005691489361702124,0.015167087482687192,False
1446,0.0007279999999809661,0.07230769230769231,0.013650378734418479,False
1447,0.0023519999999734864,0.02076923076923077,0.012285340860976636,False
1448,0.0034359999999651336,0.011209677419354837,0.011056806774878969,False
1449,0.0008900000000267028,0.0578125,0.009951126097391072,False
1450,0.004676999999901454,0.006823529411764703,0.00895601348765196,False
1451,0.01251700000011624,-0.0005333333333333249,0.008060412138886764,False
1452,0.002708999999867956,0.015510204081632652,0.007254370924998088,False
1453,0.0017050000001290755,0.027419354838709678,0.006528933832498285,False
1454,0.00045300000010684016,0.120625,0.005876040449248454,False
1455,0.002419000000145388,0.017840909090909088,0.005288436404323605,False
1456,0.012932000000091648,-0.0007415254237288006,0.004759592763891241,False
1457,0.006451999999853797,0.0035897435897435863,0.004283633487502114,False
1458,0.023181000000022323,-0.0026241134751772512,0.0038552701387518985,False
1459,0.0247190000000046,-0.0027863436123347443,0.0034697431248767122,False
1460,0.0029250000000047294,0.015099999999999997,0.009954174995521814,False
1461,0.01368600000000697,-0.0009638554216867292,0.015381644471251767,False
1462,0.0048040000001492444,0.006964285714285711,0.022429645044671154,False
1463,0.013420999999880223,-0.0008811475409835905,0.02018668054020404,False
1464,0.014196999999967375,-0.0011494252873563,0.01816801248618364,False
1465,0.01682600000003731,-0.0016611295681062792,0.016351211237565277,False
1466,0.003932000000077096,0.009357142857142854,0.014716090113808745,False
1467,0.002719000000070082,0.015099999999999997,0.013244481102427874,False
1468,0.004988999999795851,0.006166666666666663,0.011920032992185093,False
1469,0.008180999999922278,0.0016999999999999964,0.01964349429750556,False
1470,0.0029449999999542342,0.013611111111111109,0.017679144867755004,False
1471,0.02838800000017727,-0.0030523255813952855,0.015911230380979503,False
1472,0.008270999999922424,0.0017449664429530164,0.02287997938117352,False
1473,0.02239600000007158,-0.0025246305418718694,0.020591981443056174,False
1474,0.001215999999885753,0.04068181818181818,0.018532783298750556,False
1475,0.003684000000021115,0.010703124999999997,0.016679504968875502,False
1476,0.0008860000000368018,0.0578125,0.015011554471987954,False
1477,0.012200000000120781,-0.0003686635944700413,0.013510399024789156,False
1478,0.0032169999999496213,0.012946428571428569,0.012159359122310243,False
1479,0.010237000000188345,0.00037433155080213523,0.010943423210079219,False
1480,0.004596999999876061,0.007108433734939756,0.009849080889071294,False
1481,0.002776999999923646,0.014705882352941175,0.00886417280016416,False
1482,0.009473999999954685,0.0007428571428571391,0.007977755520147746,False
1483,0.002177999999958047,0.020124999999999997,0.007179979968132966,False
1484,0.0013249999999516149,0.04285714285714286,0.01305964323332729,False
1485,0.02385099999992235,-0.00271070615034163,0.020579638544086256,False
1486,0.01036100000010265,-0.010407608695652177,0.08348349293696039,False
1487,0.0044150000001081935,0.007407407407407404,0.018521674689677626,False
1488,0.005521000000044296,0.004950495049504947,0.022552641715260183,False
1489,0.0322400000000016,-0.003230633802816834,0.020297377543734164,False
1490,0.028659999999945285,-0.003063583815028838,0.018267639789360746,False
1491,0.004912000000103944,0.006292134831460671,0.016440875810424672,False
1492,0.012840000000096552,-0.0005333333333333249,0.014796788229382208,False
1493,0.02538800000002084,-0.002829373650107933,0.022036475211437635,False
1494,0.021291000000019267,-0.0022983870967741462,0.019832827690293875,False
1495,0.02161999999998443,-0.0023342175066312517,0.017849544921264494,False
1496,0.026219000000082815,-0.0028930817610062294,0.016064590429138048,False
1497,0.02852300000017749,-0.003037109374999937,0.01445813138622425,False
1498,0.005274999999983265,0.00557894736842105,0.01301231824760183,False
1499,0.000722999999879903,0.07875,0.011711086422841644,False
1500,0.003740000000107102,0.009565217391304346,0.010539977780557475,False
1501,0.016568000000006577,-0.0016275167785234576,0.009485980002501726,False
1502,0.00299500000005537,0.013272727272727271,0.00853738200225156,False
1503,0.004533000000037646,0.007884615384615382,0.0076836438020264075,False
1504,0.00465200000007826,0.007721518987341769,0.01627075952118655,False
1505,0.021142999999938183,-0.0023691099476439302,0.014643683569067902,False
1506,0.00035000000002582965,0.1625,0.013179315212161114,False
1507,0.000674000000117303,0.07875,0.026317397632673822,False
1508,0.0211620000000039,-0.002120343839541504,0.02368565786940644,False
1509,0.006010999999944033,0.005923913043478258,0.021317092082465794,False
1510,0.0036910000001171284,0.00977941176470588,0.019185382874219215,False
1511,0.00589799999988827,0.004757281553398055,0.01726684458679729,False
1512,0.006617000000005646,0.004757281553398055,0.015540160128117564,False
1513,0.008761000000049535,0.0015259740259740222,0.01398614411530581,False
1514,0.01178000000004431,0.0023897058823529375,0.012587529703775226,False
1515,0.0012110000000120635,0.07875,0.011328776733397706,False
1516,0.015465999999833002,-0.0008641975308641819,0.010195899060057934,False
1517,0.0034310000000914442,0.015510204081632652,0.009176309154052143,False
1518,0.024556000000075073,-0.0026789838337181898,0.008258678238646932,False
1519,0.03417500000000473,-0.003355155482814987,0.007432810414782243,False
1520,0.013521999999966283,-0.0005726872246695942,0.006689529373304016,False
1521,0.007805000000189466,0.0021276595744680817,0.021423560230670158,False
1522,0.0064339999998992425,0.004054054054054051,0.019281204207603143,False
1523,0.004754000000048109,0.006823529411764703,0.01735308378684283,False
1524,0.003281999999899199,0.012631578947368419,0.015617775408158542,False
1525,0.030396999999993568,-0.0031859205776172623,0.014055997867342684,False
1526,0.007986000000073545,0.0017905405405405368,0.012650398080608416,False
1527,0.010374999999839929,0.0004032258064516091,0.011385358272547575,False
1528,0.016988999999966836,-0.0016721854304635427,0.010246822445292814,False
1529,0.012080000000196378,-0.00019138755980861155,0.00922214020076353,False
1530,0.009660999999823616,0.0010909090909090873,0.020785106153676337,False
1531,0.0007289999998647545,0.07230769230769231,0.018706595538308703,False
1532,0.0064419999998790445,0.0035897435897435863,0.016835935984477836,False
1533,0.032120999999960986,-0.003282051282051214,0.01515234238603005,False
1534,0.009837999999945168,0.0006145251396648007,0.013637108147427046,False
1535,0.00877600000012535,0.0013207547169811283,0.012273397332684344,False
1536,0.02777299999979732,-0.0029940119760478424,0.011046057599415904,False
1537,0.0023989999999685097,0.018928571428571427,0.009941451839474313,False
1538,0.0005119999998441926,0.10666666666666666,0.008947306655526876,False
1539,0.01513199999999415,-0.0013321167883211418,0.008052575989974187,False
1540,0.023611999999957334,-0.002640845070422481,0.007247318390976765,False
1541,0.009751999999934924,0.0012037037037036999,0.015904009411843924,False
1542,0.005189999999856809,0.006686046511627904,0.014313608470659534,False
1543,0.001002999999855092,0.050833333333333335,0.012882247623593579,False
1544,0.006942999999864696,0.0031048387096774157,0.01783244126094783,False
1545,0.01908000000003085,-0.0021037463976944816,0.016049197134853043,False
1546,0.0045110000000931905,0.007256097560975607,0.014444277421367736,False
1547,0.006583000000091488,0.0033749999999999965,0.012999849679230957,False
1548,0.0026460000001407025,0.016382978723404253,0.011699864711307862,False
1549,0.006284999999934371,0.0038157894736842073,0.010529878240177072,False
1550,0.010876999999936743,0.0001275510204081594,0.009476890416159367,False
1551,0.0119520000000648,-0.00032558139534883334,0.008529201374543428,False
1552,0.0026700000000801083,0.015937499999999997,0.007676281237089089,False
1553,0.0010450000002037996,0.04789473684210527,0.006908653113380181,False
1554,0.0009379999999055144,0.054117647058823534,0.006217787802042163,False
1555,0.005564000000049418,0.005151515151515148,0.0055960090218379445,False
1556,0.0005100000000766158,0.10666666666666666,0.005036408119654146,False
1557,0.0023650000000543514,0.018372093023255813,0.004532767307688735,False
1558,0.0019230000000334257,0.023714285714285712,0.004079490576919864,False
1559,0.004316999999900872,0.00805194805194805,0.0036715415192278833,False
1560,0.0015579999999317806,0.030892857142857142,0.003304387367305095,False
1561,0.00173899999981586,0.027419354838709678,0.0029739486305745857,False
1562,0.002179000000069209,0.02076923076923077,0.0026765537675171314,False
1563,0.005139999999983047,0.006964285714285711,0.0024088983907654127,False
1564,0.005006999999977779,0.0064204545454545426,0.0021680085516888716,False
1565,0.003995000000031723,0.010227272727272724,0.0019512076965199855,False
1566,0.0011939999999412976,0.04285714285714286,0.0017560869268679836,False
1567,0.004541999999901236,0.007108433734939756,0.001580478234181182,False
1568,0.0025530000000344444,0.016382978723404253,0.0014224304107630648,False
1569,0.0032309999999142747,0.012033898305084743,0.0012801873696867583,False
1570,0.0022519999999985885,0.01951219512195122,0.001152168632718087,False
1571,0.009326000000100976,0.0010542168674698758,0.0010369517694462816,False
1572,0.006715999999869382,0.0031048387096774157,0.0009332565925016523,False
1573,0.02733400000010988,-0.0029363449691991177,0.0008399309332514871,False
1574,0.0004610000000866421,0.120625,0.000755937839926335,False
1575,0.003860000000031505,0.009154929577464785,0.007682719972018349,False
1576,0.018461000000115746,-0.001963746223564915,0.006914447974816518,False
1577,0.020305000000007567,-0.00202662721893487,0.012837392954921423,False
1578,0.0014280000000326254,0.036875,0.011553653659429286,False
1579,0.0006739999998899293,0.07875,0.01672040811294231,False
1580,0.006006000000070344,0.004852941176470585,0.015048367301648082,False
1581,0.007150999999794294,0.00805194805194805,0.01964548343147945,False
1582,0.020367000000078406,-0.000303738317757006,0.017680935088331507,False
1583,0.03704999999990832,-0.0028246753246752663,0.01591284157949836,False
1584,0.02822199999991426,-0.0026071428571428036,0.014321557421548526,False
1585,0.0045639999998456915,0.007108433734939756,0.012889401679393675,False
1586,0.007133000000067113,0.0028515624999999965,0.01783842920565251,False
1587,0.0031930000000102154,0.01232758620689655,0.01605458628508726,False
1588,0.006429000000025553,0.0036637931034482723,0.022973537866924888,False
1589,0.011821000000054482,-0.00012135922330097152,0.020676184080232397,False
1590,0.009952999999995882,0.0005524861878453001,0.018608565672209153,False
1591,0.018458000000009633,-0.0019910179640718157,0.01674770910498824,False
1592,0.005830000000059954,0.005255102040816324,0.023538920311873324,False
1593,0.02056100000004335,-0.0022911051212937536,0.026752076301037975,False
1594,0.003444999999828724,0.011209677419354837,0.024076868670934184,False
1595,0.004985999999917112,0.006292134831460671,0.021669181803840767,False
1596,0.005126999999902182,0.005923913043478258,0.019502263623456684,False
1597,0.007821999999805485,0.001979166666666663,0.01755203726111102,False
1598,0.005124000000023443,0.005806451612903223,0.015796833534999923,False
1599,0.0036460000001170556,0.009999999999999997,0.014217150181499928,False
1600,0.01322200000004159,-0.0008298755186721843,0.02703808620353129,False
1601,0.0010709999999107822,0.050833333333333335,0.024334277583178156,False
1602,0.004902000000129192,0.006166666666666663,0.043023859319688475,False
1603,0.003750999999965643,0.009565217391304346,0.043060970250579256,False
1604,0.006953000000066822,0.0030399999999999967,0.04487012863780398,False
1605,0.006928999999900043,0.00291338582677165,0.040383115774023585,False
1606,0.008986000000049899,0.0012037037037036999,0.03634480419662123,False
1607,0.005630999999993946,0.004852941176470585,0.03945766467992582,False
1608,0.01801700000009987,-0.0019452887537993527,0.04197919989060365,False
1609,0.005219000000124652,0.005691489361702124,0.037781279901543285,False
1610,0.01228199999991375,-0.0004524886877827988,0.03400315191138897,False
1611,0.019035000000030777,-0.002052785923753624,0.03551063814983257,False
1612,0.005134999999881984,0.006043956043956041,0.031959574334849306,False
1613,0.039414000000078886,-0.003530701754385891,0.040460468227742186,False
1614,0.00433999999995649,0.007562499999999997,0.03641442140496797,False
1615,0.0025669999999990978,0.017333333333333333,0.03277297926447117,False
1616,0.0035159999999905267,0.012631578947368419,0.02949568133802405,False
1617,0.0013790000000426517,0.04068181818181818,0.026546113204221646,False
1618,0.03368699999987257,-0.0033415841584157717,0.023891501883799484,False
1619,0.0013790000000426517,0.0352,0.02150235169541953,False
1620,0.01262300000007599,-0.0006493506493506384,0.019352116525877584,False
1621,0.02921199999991586,-0.003074712643678097,0.01741690487328983,False
1622,0.01318900000001122,-0.0006866952789699453,0.015675214385960846,False
1623,0.002191000000038912,0.020124999999999997,0.02275135048847833,False
1624,0.005204999999932625,0.006292134831460671,0.02848121951233894,False
1625,0.017210000000204673,-0.001758064516128997,0.030888780731827693,False
1626,0.006772999999839158,0.0031048387096774157,0.027799902658644928,False
1627,0.0014530000000831933,0.03365384615384615,0.02501991239278043,False
1628,0.017404000000169617,-0.0017891373801916573,0.022517921153502388,False
1629,0.0239000000001397,-0.002493765586034861,0.02829014657266478,False
1630,0.02306599999997161,-0.002595693779904253,0.025461131915398297,False
1631,0.002668000000085158,0.015937499999999997,0.02291501872385846,False
1632,0.007989999999836073,0.0020279720279720243,0.020623516851472613,False
1633,0.002876999999898544,0.013962264150943393,0.018561165166325357,False
1634,0.010998999999856096,0.0007758620689655134,0.016705048649692824,False
1635,0.007270999999946071,0.0025563909774436056,0.023579065576605163,False
1636,0.018985000000157015,-0.002078488372092981,0.021221159018944648,False
1637,0.003885999999965861,0.009154929577464785,0.019099043117050185,False
1638,0.002606000000014319,0.016847826086956518,0.01718913880534516,False
1639,0.00462399999992158,0.006964285714285711,0.01547022492481065,False
1640,0.0069899999998597195,0.00291338582677165,0.013923202432329584,False
1641,0.01227300000005016,-0.0005333333333333249,0.012530882189096627,False
1642,0.03313199999979588,-0.0033249999999999304,0.011277793970186967,False
1643,0.0011070000000472646,0.04525,0.010150014573168265,False
1644,0.0024700000001303124,0.017333333333333333,0.018262061532757248,False
1645,0.012548999999808075,-0.0006113537117903828,0.016435855379481525,False
1646,0.002709999999979118,0.016382978723404253,0.014792269841533368,False
1647,0.0008860000000368018,0.0578125,0.013313042857380032,False
1648,0.0035030000001370354,0.011475409836065572,0.011981738571642031,False
1649,0.005767999999989115,0.004852941176470585,0.010783564714477833,False
1650,0.00973599999997532,0.0006145251396648007,0.00970520824303005,False
1651,0.008624000000054366,0.0022302158273381258,0.00873468741872705,False
1652,0.008683000000019092,0.0014838709677419317,0.007861218676854343,False
1653,0.0071199999999862484,0.0027906976744186012,0.007075096809168913,False
1654,0.004067999999961103,0.00876712328767123,0.006367587128252018,False
1655,0.017591000000038548,-0.0018788819875776017,0.012379670426346934,False
1656,0.0012120000001232256,0.04068181818181818,0.011141703383712244,False
1657,0.0032679999999345455,0.01232758620689655,0.016375605732167155,False
1658,0.0033849999999802094,0.011475409836065572,0.014738045158950441,False
1659,0.0011330000002089946,0.04525,0.013264240643055404,False
1660,0.018827999999984968,-0.002078488372092981,0.011937816578749861,False
1661,0.03998999999998887,-0.003606102635228773,0.01074403492087488,False
1662,0.0063419999999041465,0.004136363636363633,0.009669631428787396,False
1663,0.042662999999947715,-0.0036741424802110047,0.015143481505895052,False
1664,0.024748000000045067,-0.0027666666666666096,0.013629133355305545,False
1665,0.007787999999891326,0.002077464788732391,0.012266220019774988,False
1666,0.011052999999947133,2.4999999999996135e-05,0.011039598017797492,False
1667,0.001213000000007014,0.04068181818181818,0.00993563821601774,False
1668,0.01030199999991055,0.00043243243243242863,0.008942074394415966,False
1669,0.005167999999912354,0.006043956043956041,0.00804786695497437,False
1670,0.00482800000008865,0.006292134831460671,0.007243080259476931,False
1671,0.0023810000000139553,0.018372093023255813,0.013112458177182186,False
1672,0.00137999999992644,0.0352,0.02054596510661029,False
1673,0.0016749999999774445,0.029655172413793104,0.018491368595949253,False
1674,0.0014459999999871798,0.04285714285714286,0.01664223173635433,False
1675,0.013598000000001775,0.00023437499999999617,0.02343399781831833,False
1676,0.005340999999816631,0.007256097560975607,0.021090598036486496,False
1677,0.031224000000065644,-0.0032085561497325536,0.01898153823283785,False
1678,0.005038000000013199,0.005923913043478258,0.01708338440955406,False
1679,0.0016969999999218999,0.027419354838709678,0.021348792750796753,False
1680,0.002506000000039421,0.016847826086956518,0.02727691160318807,False
1681,0.0080040000000281,0.002178571428571425,0.02454922044286927,False
1682,0.0006750000000010914,0.07875,0.027597697510681585,False
1683,0.0015229999999064603,0.0352,0.024837927759613423,False
1684,0.002880999999888445,0.013962264150943393,0.022354134983652074,False
1685,0.0345359999998891,-0.0034022257551668605,0.020118721485286862,False
1686,0.0023400000000037835,0.018372093023255813,0.01810684933675818,False
1687,0.0031900000001314766,0.012033898305084743,0.016296164403082358,False
1688,0.023049000000128217,-0.002536764705882301,0.014666547962774125,False
1689,0.00930900000003021,0.0008771929824561366,0.013199893166496713,False
1690,0.007655000000113432,0.0022302158273381258,0.01187990384984704,False
1691,0.0012100000001282751,0.04068181818181818,0.010691913464862335,False
1692,0.003971000000092317,0.009357142857142854,0.009622722118376104,False
1693,0.00882499999988795,0.0013207547169811283,0.028963951434353076,False
1694,0.00800600000002305,0.0018835616438356128,0.033429673127994074,False
1695,0.012989999999945212,-0.0007415254237288006,0.03705301190437004,False
1696,0.0025519999999232823,0.016847826086956518,0.03334771071393303,False
1697,0.0010859999999865977,0.04789473684210527,0.03001293964253973,False
1698,0.0006719999998949788,0.07875,0.034291131452059066,False
1699,0.0023020000000997243,0.01951219512195122,0.03086201830685316,False
1700,0.0039869999998245476,0.00895833333333333,0.027775816476167836,False
1701,0.018295999999963897,-0.0017993630573248046,0.02499823482855106,False
1702,0.007104999999910433,0.0035897435897435863,0.022498411345695957,False
1703,0.004623000000037791,0.007884615384615382,0.02024857021112636,False
1704,0.01156200000013996,-0.00025943396226414857,0.018223713190013726,False
1705,0.00532799999996314,0.007721518987341769,0.02475604551864439,False
1706,0.015574000000015076,-0.0005333333333333249,0.022280440966779946,False
1707,0.0183630000001358,-0.001963746223564915,0.020052396870101952,False
1708,0.010733999999956723,0.00015384615384615,0.018047157183091755,False
1709,0.002838999999994485,0.014326923076923074,0.016242441464782577,False
1710,0.003776000000016211,0.010227272727272724,0.014618197318304316,False
1711,0.053315999999995256,-0.0039476439790575085,0.013156377586473889,False
1712,0.01837799999998424,-0.0019359756097560583,0.011840739827826498,False
1713,0.0004080000001067674,0.13857142857142857,0.010656665845043845,False
1714,0.0025069999999232095,0.016847826086956518,0.009590999260539457,False
1715,0.005029000000149608,0.006292134831460671,0.017775813530056472,False
1716,0.0042009999999663705,0.008223684210526314,0.01599823217705083,False
1717,0.0171060000000125,-0.001737012987012952,0.014398408959345743,False
1718,0.02137599999991835,-0.002382812499999951,0.012958568063411169,False
1719,0.005138999999871885,0.005923913043478258,0.011662711257070059,False
1720,0.03357200000004923,-0.0033415841584157717,0.01049644013136305,False
1721,0.008133000000043467,0.0017905405405405368,0.009446796118226741,False
1722,0.002387999999882595,0.018372093023255813,0.017666683209107383,False
1723,0.023412000000007538,-0.0026463700234191493,0.015900014888196645,False
1724,0.007332000000133121,0.0026717557251908363,0.014310013399376986,False
1725,0.027117999999973108,-0.0029531568228105295,0.012879012059439289,False
1726,0.040092999999842505,-0.003541364296081203,0.02044973591798679,False
1727,0.013363000000026659,-0.0008298755186721843,0.018404762326188106,False
1728,0.0025689999999940483,0.017840909090909088,0.016564286093569292,False
1729,0.01422599999978047,-0.0010742187499999797,0.014907857484212361,False
1730,0.019620000000031723,-0.002176966292134787,0.022026231859395062,False
1731,0.0022450000001299486,0.01951219512195122,0.01982360867345556,False
1732,0.007638000000042666,0.002444444444444441,0.017841247806110006,False
1733,0.003944000000046799,0.009154929577464785,0.01605712302549901,False
1734,0.011396000000104323,-2.4752475247527522e-05,0.01445141072294911,False
1735,0.005382999999937965,0.005691489361702124,0.013006269650654202,False
1736,0.01569900000004054,-0.0013848920863309081,0.01170564268558878,False
1737,0.027126000000180284,-0.0029696969696969082,0.010535078417029898,False
1738,0.03203099999996084,-0.003267241379310277,0.009481570575326904,False
1739,0.0020139999999173597,0.022916666666666665,0.008533413517794209,False
1740,0.002647000000024491,0.016382978723404253,0.007680072166014785,False
1741,0.015898999999990338,-0.0015104166666666367,0.006912064949413311,False
1742,0.015073000000029424,-0.0012915129151291262,0.015563090518879342,False
1743,0.0011630000001332519,0.04525,0.022504496220628358,False
1744,0.01939100000004146,-0.0021529745042492476,0.028139355643286547,False
1745,0.02027900000007321,-0.0022615803814713432,0.025325420078957897,False
1746,0.002031999999871914,0.024558823529411765,0.022792878071062107,False
1747,0.003741999999874679,0.00977941176470588,0.020513590263955897,False
1748,0.009073000000171305,0.0011656441717791373,0.0184622312375603,False
1749,0.0017580000001089502,0.02640625,0.01661600811380427,False
1750,0.004355999999916094,0.00805194805194805,0.014954407302423846,False
1751,0.0006280000000060681,0.0955,0.013458966572181465,False
1752,0.004958000000215179,0.006292134831460671,0.028590928718051047,False
1753,0.010575999999900887,0.00018041237113401677,0.025731835846245943,False
1754,0.011272000000190019,-4.92610837438446e-05,0.02315865226162135,False
1755,0.005562000000054468,0.005049999999999996,0.02084278703545921,False
1756,0.0007329999998546555,0.07230769230769231,0.02983073385627182,False
1757,0.0036790000001474255,0.010703124999999997,0.026847660470644644,False
1758,0.0016379999999571737,0.029655172413793104,0.024162894423580175,False
1759,0.03079400000001442,-0.0031388888888888235,0.02174660498122215,False
1760,0.028942999999799213,-0.003044747081711999,0.02525190836928294,False
1761,0.00563800000008996,0.004852941176470585,0.022726717532354647,False
1762,0.06558399999994435,-0.004141025641025553,0.02607226257458084,False
1763,0.0011890000000676082,0.050833333333333335,0.023465036317122757,False
1764,0.08140800000001036,-0.004298674110258109,0.021118532685410488,False
1765,0.0026499999999032298,0.015937499999999997,0.019006679416869433,False
1766,0.0007800000000770524,0.0667857142857143,0.022958590671919722,False
1767,0.015272000000095431,-0.0013454545454545193,0.020662731604727747,False
1768,0.004392000000052576,0.007721518987341769,0.018596458444254973,False
1769,0.009772000000111802,0.0008430232558139497,0.016736812599829478,False
1770,0.00035299999990456854,0.1625,0.015063131339846526,False
1771,0.000749000000041633,0.07875,0.013556818205861876,False
1772,0.00320400000009613,0.012033898305084743,0.012201136385275691,False
1773,0.014269000000012966,-0.001089494163424104,0.017262351154475754,False
1774,0.011936000000105196,-0.00043181818181817563,0.01553611603902818,False
1775,0.012668000000076063,-0.0006304347826086851,0.013982504435125366,False
1776,0.007843999999977314,0.002178571428571425,0.012584253991612827,False
1777,0.005914999999959036,0.004220183486238528,0.01132582859245155,False
1778,0.003132999999934327,0.013272727272727271,0.016529718531881944,False
1779,0.045233999999936714,-0.0037728937728936937,0.014876746678693754,False
1780,0.004457000000002154,0.007256097560975607,0.013389072010824378,False
1781,0.01795599999991282,-0.0019452887537993527,0.012050164809741937,False
1782,0.008437000000185435,0.0016999999999999964,0.010845148328767741,False
1783,0.00035099999990961805,0.1625,0.00976063349589097,False
1784,0.007733000000143875,0.0020279720279720243,0.008784570146301874,False
1785,0.0012490000001434964,0.04068181818181818,0.007906113131671689,False
1786,0.021485999999868,-0.0024230769230768733,0.007115501818504522,False
1787,0.0006739999998899293,0.07875,0.006403951636654071,False
1788,0.005066999999826294,0.005806451612903223,0.0057635564729886625,False
1789,0.001580999999987398,0.029655172413793104,0.005187200825689797,False
1790,0.00522699999987708,0.005923913043478258,0.0046684807431208175,False
1791,0.007884000000103697,0.0021276595744680817,0.00420163266880873,False
1792,0.017127999999956955,-0.001737012987012952,0.01333001598387592,False
1793,0.03290799999990668,-0.0033249999999999304,0.011997014385488326,False
1794,0.01583300000015697,-0.0013321167883211418,0.0327314134483996,False
1795,0.01695200000017394,-0.001546391752577289,0.029458272103559648,False
1796,0.0006960000000617583,0.07875,0.02651244489320368,False
1797,0.010753000000022439,0.00018041237113401677,0.02386120040388331,False
1798,0.002962000000025,0.014326923076923074,0.02147508036349498,False
1799,0.010056000000076892,0.00043243243243242863,0.019327572327145482,False
1800,0.010597999999845342,0.0002894736842105225,0.01739481509443094,False
1801,0.01964300000008734,-0.002136752136752093,0.024048902393635687,False
1802,0.0021769999998468847,0.020124999999999997,0.02164401215427212,False
1803,0.008980999999948835,0.0012812499999999964,0.019479610938844906,False
1804,0.0008379999999306165,0.062000000000000006,0.017531649844960417,False
1805,0.001751999999896725,0.02640625,0.015778484860464383,False
1806,0.015808999999990192,-0.0014736842105262868,0.020256591828208683,False
1807,0.02941600000008293,-0.0031214953271027387,0.02638090202849366,False
1808,0.007434000000102969,0.0029761904761904726,0.023742811825644295,False
1809,0.0013519999999971333,0.04789473684210527,0.029210926055016684,False
1810,0.015542000000095868,-0.0013586956521738866,0.02628983344951501,False
1811,0.006515999999919586,0.003445378151260501,0.023660850104563515,False
1812,0.03110900000001493,-0.0031760435571687178,0.02915485231085684,False
1813,0.0008370000000468281,0.0955,0.02623936707977116,False
1814,0.024960999999848354,-0.002756696428571372,0.023615430371794047,False
1815,0.01492499999994834,-0.0012915129151291262,0.02125388733461464,False
1816,0.007270999999946071,0.0025563909774436056,0.019128498601153177,False
1817,0.04177700000013829,-0.003647375504710556,0.01721564874103786,False
1818,0.0010040000001936278,0.050833333333333335,0.015494083866934072,False
1819,0.008059999999886713,0.00228260869565217,0.022563551582691188,False
1820,0.0014790000000175496,0.03365384615384615,0.02030719642442207,False
1821,0.0037660000000414584,0.00977941176470588,0.018276476781979866,False
1822,0.006153000000040265,0.0038157894736842073,0.01644882910378188,False
1823,0.000941000000011627,0.054117647058823534,0.014803946193403694,False
1824,0.0022930000000087603,0.020124999999999997,0.013323551574063331,False
1825,0.010802000000012413,7.57575757575719e-05,0.011991196416657003,False
1826,0.006678999999849111,0.0032377049180327836,0.0107920767749913,False
1827,0.015438000000131069,-0.001423487544483958,0.009712869097492173,False
1828,0.002412999999933163,0.01951219512195122,0.008741582187742958,False
1829,0.01917700000012701,-0.00209537572254331,0.007867423968968668,False
1830,0.026931000000104177,-0.002961460446247403,0.0070806815720718015,False
1831,0.0014830000000074506,0.03222222222222222,0.006372613414864625,False
1832,0.016527999999880194,-0.0016831683168316495,0.005735352073378164,False
1833,0.004551999999875989,0.007256097560975607,0.005161816866040348,False
1834,0.0012629999998807762,0.03869565217391304,0.014197072199183015,False
1835,0.0021429999999327265,0.02076923076923077,0.012777364979264717,False
1836,0.0185910000000149,-0.002044117647058782,0.011499628481338243,False
1837,0.0052209999998922285,0.005923913043478258,0.01667518903888011,False
1838,0.0035100000000056752,0.011749999999999998,0.015007670134992102,False
1839,0.006474999999909414,0.0035169491525423695,0.013506903121492898,False
1840,0.0023059999998622516,0.018928571428571427,0.012156212809343604,False
1841,0.0025519999999232823,0.016847826086956518,0.01094059152840924,False
1842,0.0009809999999106367,0.054117647058823534,0.009846532375568318,False
1843,0.014296999999942273,-0.001134615384615363,0.008861879138011486,False
1844,0.007274000000052183,0.002730769230769227,0.007975691224210336,False
1845,0.005219000000124652,0.005468749999999997,0.007178122101789298,False
1846,0.0020219999998971616,0.02216216216216216,0.006460309891610372,False
1847,0.003349999999954889,0.011475409836065572,0.005814278902449333,False
1848,0.007560999999896012,0.0023897058823529375,0.005232851012204398,False
1849,0.005681999999978871,0.004663461538461535,0.00470956591098396,False
1850,0.0011620000000220898,0.04285714285714286,0.03746538048201622,False
1851,0.0037700000000313594,0.009999999999999997,0.0337188424338146,False
1852,0.0038199999999051215,0.009999999999999997,0.03034695819043314,False
1853,0.002290999999786436,0.018928571428571427,0.02731226237138983,False
1854,0.012081000000080167,-0.00043181818181817563,0.024581036134250847,False
1855,0.004065000000082364,0.00876712328767123,0.022122932520825755,False
1856,0.014971000000059576,-0.001305147058823504,0.034917053295795995,False
1857,0.013689999999996871,-0.0007594936708860626,0.0314253479662164,False
1858,0.0019650000001547596,0.025454545454545452,0.02828281316959476,False
1859,0.0021900000001551234,0.020124999999999997,0.025454531852635277,False
1860,0.04959200000007513,-0.0038656884875845686,0.022909078667371754,False
1861,0.02172100000007049,-0.002455696202531595,0.02622489884459015,False
1862,0.018269000000145752,-0.0019910179640718157,0.02360240896013114,False
1863,0.013459999999895444,-0.0007773109243697341,0.026805216299629765,False
1864,0.0120640000000094,-0.00038990825688072866,0.024124694669666793,False
1865,0.0029429999999592837,0.013611111111111109,0.02171222520270011,False
1866,0.006789000000026135,0.0030399999999999967,0.0195410026824301,False
1867,0.0073919999999816355,0.0028515624999999965,0.023405819245193995,False
1868,0.007067999999890162,0.0036637931034482723,0.02888819023529826,False
1869,0.002525999999988926,0.016847826086956518,0.03335350195788589,False
1870,0.003967999999986205,0.009357142857142854,0.030018151762097302,False
1871,0.013343999999960943,-0.0008298755186721843,0.02701633658588757,False
1872,0.008558999999877415,0.0014838709677419317,0.024314702927298815,False
1873,0.002606000000014319,0.016382978723404253,0.021883232634568928,False
1874,0.0012990000000172586,0.03869565217391304,0.019694909371112037,False
1875,0.015039999999999054,-0.0013321167883211418,0.017725418434000828,False
1876,0.007522999999991953,0.0025563909774436056,0.01595287659060074,False
1877,0.0033059999998386047,0.011749999999999998,0.014357588931540667,False
1878,0.012686000000030617,-0.0006304347826086851,0.012921830038386595,False
1879,0.022331000000122003,-0.002518518518518467,0.01162964703454794,False
1880,0.016274999999950523,-0.001569965870307136,0.016784014567916627,False
1881,0.002537999999958629,0.016847826086956518,0.01510561311112496,False
1882,0.011174999999866486,-2.4752475247527522e-05,0.01359505180001246,False
1883,0.022451000000046406,-0.0025547445255473928,0.012235546620011218,False
1884,0.003613999999970474,0.009999999999999997,0.011011991958010094,False
1885,0.030252000000018597,-0.0031859205776172623,0.009910792762209087,False
1886,0.003429999999980282,0.01095238095238095,0.00891971348598818,False
1887,0.0048439999998208805,0.0064204545454545426,0.00802774213738936,False
1888,0.003544000000147207,0.010703124999999997,0.0072249679236504275,False
1889,0.004100999999991473,0.008581081081081078,0.006502471131285381,False
1890,0.0016909999999370484,0.027419354838709678,0.005852224018156838,False
1891,0.0005959999998594867,0.0955,0.0052670016163411494,False
1892,0.010707000000138578,0.00018041237113401677,0.00474030145470703,False
1893,0.012141000000156055,-0.0003686635944700413,0.01989014370322636,False
1894,0.0011010000000624132,0.04789473684210527,0.01790112933290372,False
1895,0.014352000000144471,-0.0011931818181817953,0.016111016399613345,False
1896,0.021076999999877444,-0.00240979381443294,0.01449991475965201,False
1897,0.011972000000014305,-0.0004109589041095833,0.013049923283686815,False
1898,0.0013200000000779255,0.04285714285714286,0.011744930955318134,False
1899,0.01343100000008235,-0.000897959183673453,0.01057043785978632,False
1900,0.009710000000040964,0.0007428571428571391,0.00951339407380769,False
1901,0.007695000000012442,0.0022302158273381258,0.008562054666426922,False
1902,0.0028980000001865847,0.014326923076923074,0.0077058491997842316,False
1903,0.003140999999914129,0.01232758620689655,0.006935264279805809,False
1904,0.0003990000000158034,0.13857142857142857,0.006241737851825225,False
1905,0.0010959999999613501,0.04789473684210527,0.014954999364267575,False
1906,0.008663000000069587,0.0012812499999999964,0.013459499427840816,False
1907,0.016588000000183456,-0.001649999999999967,0.01211354948505673,False
1908,0.014752999999927852,-0.001277777777777753,0.010902194536551058,False
1909,0.014556000000084168,-0.0011494252873563,0.009811975082895953,False
1910,0.010919999999941865,0.0001275510204081594,0.008830777574606352,False
1911,0.010248000000046886,0.00037433155080213523,0.007947699817145715,False
1912,0.020632999999861568,-0.0022237569060773025,0.007152929835431143,False
1913,0.00716599999987011,0.0026717557251908363,0.006437636851888029,False
1914,0.014202000000068438,-0.0011196911196910983,0.005793873166699226,False
1915,0.015889000000015585,-0.001546391752577289,0.005214485850029305,False
1916,0.003359000000045853,0.011209677419354837,0.004693037265026379,False
1917,0.00211699999999837,0.02076923076923077,0.004223733538523744,False
1918,0.004056999999875188,0.00876712328767123,0.003801360184671365,False
1919,0.004566000000068016,0.006964285714285711,0.003421224166204229,False
1920,0.002655000000004293,0.016382978723404253,0.0030791017495838016,False
1921,0.004076000000168278,0.008399999999999998,0.0027711915746254203,False
1922,0.014445999999907144,-0.0011641221374045579,0.012175630152245143,False
1923,0.003489000000172382,0.013962264150943393,0.010958067137020633,False
1924,0.001851999999871623,0.025454545454545452,0.016221902193686268,False
1925,0.021937999999863678,-0.0024230769230768733,0.014599711974317642,False
1926,0.016393999999991138,-0.0015816326530611931,0.013139740776885879,False
1927,0.028488999999808584,-0.003048543689320325,0.011825766699197294,False
1928,0.013845000000173968,-0.0010433070866141536,0.010643190029277562,False
1929,0.0019499999998515705,0.024558823529411765,0.0095788710263498,False
1930,0.023901999999907275,-0.002662790697674364,0.00862098392371482,False
1931,0.002999000000045271,0.015937499999999997,0.007758885531343341,False
1932,0.005310000000008586,0.005691489361702124,0.01354418718973438,False
1933,0.007870000000139044,0.002178571428571425,0.012189768470760943,False
1934,0.0030469999999240827,0.012946428571428569,0.01097079162368485,False
1935,0.009273000000121101,0.0009821428571428533,0.009873712461316365,False
1936,0.004752000000053158,0.006686046511627904,0.008886341215184723,False
1937,0.02977499999997235,-0.0031491712707181667,0.007997707093666252,False
1938,0.0034190000001217413,0.011209677419354837,0.007197936384299631,False
1939,0.006382999999914318,0.0035169491525423695,0.006478142745869664,False
1940,0.007638000000042666,0.0024999999999999966,0.005830328471282698,False
1941,0.02578599999992548,-0.0028707627118643476,0.005247295624154425,False
1942,0.007342999999991662,0.00261363636363636,0.014210930431055691,False
1943,0.0007290000000921282,0.07230769230769231,0.012789837387950122,False
1944,0.032992000000149346,-0.0033165829145727953,0.011510853649155106,False
1945,0.0006329999998797575,0.08636363636363636,0.01035976828423959,False
1946,0.004908999999997832,0.006166666666666663,0.009323791455815633,False
1947,0.00352999999995518,0.010703124999999997,0.00839141231023407,False
1948,0.009851999999909822,0.0006145251396648007,0.014073612103665912,False
1949,0.007444000000077722,0.0023357664233576605,0.012666250893299326,False
1950,0.0020680000000083965,0.024558823529411765,0.011399625803969395,False
1951,0.004114999999956126,0.008399999999999998,0.010259663223572458,False
1952,0.007195000000137952,0.00261363636363636,0.009233696901215217,False
1953,0.017931999999973414,-0.001926605504587117,0.01737314320531381,False
1954,0.015433000000030006,-0.0013586956521738866,0.023908845668985514,False
1955,0.004877999999962412,0.0064204545454545426,0.02151796110208696,False
1956,0.04106499999988955,-0.0036510067114093195,0.019366164991878265,False
1957,0.009121999999933905,0.0010909090909090873,0.01742954849269044,False
1958,0.012834999999995489,-0.0007234042553191364,0.015686593643421398,False
1959,0.005517000000054395,0.005049999999999996,0.014117934279079258,False
1960,0.005466999999953259,0.004950495049504947,0.012706140851171333,False
1961,0.004032000000051994,0.008581081081081078,0.011435526766054194,False
1962,0.00402299999996103,0.00876712328767123,0.016621535903187358,False
1963,0.012754999999970096,-0.0004932735426008894,0.01495938231286862,False
1964,0.0015429999998559651,0.030892857142857142,0.013463444081581755,False
1965,0.0084359999998469,0.0016999999999999964,0.012117099673423582,False
1966,0.0012679999999818392,0.03869565217391304,0.010905389706081226,False
1967,0.015004999999973734,-0.0006681034482758507,0.016177811183989987,False
1968,0.015947000000096523,-0.0015344827586206593,0.023061287148433574,False
1969,0.0039050000000315777,0.009357142857142854,0.020755158433590215,False
1970,0.0036529999999856955,0.009999999999999997,0.018679642590231194,False
1971,0.0016439999999420252,0.0285,0.02510042497891468,False
1972,0.006282000000055632,0.004136363636363633,0.02805905570735159,False
1973,0.005730000000085056,0.004663461538461535,0.04001659308443839,False
1974,0.00680000000011205,0.0035169491525423695,0.03601493377599455,False
1975,0.007683000000042739,0.0023897058823529375,0.0324134403983951,False
1976,0.02003899999999703,-0.0022540983606556915,0.02917209635855559,False
1977,0.012772000000040862,-0.0006304347826086851,0.03146704465211103,False
1978,0.004593000000113534,0.006964285714285711,0.02832034018689993,False
1979,0.0031309999999393767,0.013611111111111109,0.02548830616820994,False
1980,0.0014209999999366119,0.036875,0.03057885700054107,False
1981,0.026321000000052663,-0.002861702127659515,0.027520971300486963,False
1982,0.005083000000013271,0.005923913043478258,0.02476887417043827,False
1983,0.005090999999993073,0.005806451612903223,0.022291986753394444,False
1984,0.009246999999959371,0.0009821428571428533,0.020062788078054995,False
1985,0.01651299999980438,-0.0016831683168316495,0.018056509270249498,False
1986,0.007564000000002125,0.0023357664233576605,0.01625085834322455,False
1987,0.0024229999999079155,0.02144736842105263,0.028545823398426953,False
1988,0.002079000000094311,0.02144736842105263,0.02569124105858426,False
1989,0.014940000000024156,-0.0012499999999999757,0.023122116952725837,False
1990,0.00440100000014354,0.007407407407407404,0.020809905257453257,False
1991,0.00105400000006739,0.04789473684210527,0.02681387871017531,False
1992,0.004343999999946391,0.008581081081081078,0.02949321648041674,False
1993,0.02720299999987219,-0.002989999999999938,0.02654389483237507,False
1994,0.002876999999898544,0.013962264150943393,0.023889505349137564,False
1995,0.0062579999998888525,0.003973214285714282,0.02704551597722814,False
1996,0.027613999999857697,-0.0029940119760478424,0.024340964379505326,False
1997,0.0028709999999136926,0.014326923076923074,0.029704186118777655,False
1998,0.004030999999940832,0.00895833333333333,0.02673376750689989,False
1999,0.0014329999999063148,0.03365384615384615,0.024060390756209894,False
2000,0.014202999999952226,-0.0011196911196910983,0.03233534876854134,False
